2.76091456000000e-06	3.36832609000000e-06	2.38446656100000e-05
4.51052644000000e-06	5.57620996000000e-06	6.09461262400000e-05
4.43734225000000e-06	2.41553764000000e-06	5.62695016900000e-05
2.09438784000000e-06	5.12750736000000e-06	4.81205816100000e-05
2.07792225000000e-06	2.38270096000000e-06	3.67490564100000e-05
2.65527025000000e-06	3.25766401000000e-06	0.000120929610240000
9.05347921000000e-06	1.19080206400000e-05	4.35283257600000e-05
2.45611584000000e-06	4.30230564000000e-06	8.06853062500000e-05
2.67584164000000e-06	5.09991889000000e-06	0.000126249943210000
4.94306289000000e-06	2.86963600000000e-06	0.000170234646760000
7.32243600000000e-06	6.49740100000000e-06	6.08805667600000e-05
1.54878025000000e-06	2.35714609000000e-06	5.73276122500000e-05
4.36433881000000e-06	5.68154896000000e-06	7.11627216400000e-05
2.17533001000000e-06	3.13962961000000e-06	7.69216702500000e-05
2.89306081000000e-06	2.68500996000000e-06	4.94054352100000e-05
1.79908569000000e-06	3.97284624000000e-06	2.33385610000000e-05
2.15238241000000e-06	6.84816561000000e-06	2.90628810000000e-05
1.97458704000000e-06	4.66344025000000e-06	2.15648784400000e-05
2.44578321000000e-06	2.92786321000000e-06	2.41523102500000e-05
1.40185600000000e-06	4.44745921000000e-06	0.000101431083690000
8.78707449000000e-06	5.56818409000000e-06	2.96523811600000e-05
3.01577956000000e-06	3.05340676000000e-06	6.01524336400000e-05
2.90907136000000e-06	3.46592689000000e-06	4.01018227600000e-05
3.53477601000000e-06	5.86269369000000e-06	5.34975216400000e-05
2.17326564000000e-06	3.43954116000000e-06	3.73516545600000e-05
2.09236225000000e-06	7.16793529000000e-06	3.24307470400000e-05
1.34768881000000e-06	4.11318961000000e-06	2.43147610000000e-05
4.63368676000000e-06	2.77056025000000e-06	4.41241347600000e-05
6.50250000000000e-06	3.69754441000000e-06	0.000111636129640000
1.24523281000000e-06	2.94259716000000e-06	4.25338752400000e-05
2.96046436000000e-06	7.33218084000000e-06	1.90287888400000e-05
2.31983361000000e-06	2.97079696000000e-06	4.39078516900000e-05
1.80606721000000e-06	3.23784036000000e-06	2.98432764100000e-05
2.01044041000000e-06	3.01682161000000e-06	3.17216768400000e-05
2.51729956000000e-06	4.42976209000000e-06	4.30545945600000e-05
4.63067361000000e-06	6.31919044000000e-06	2.90585683600000e-05
4.49524804000000e-06	4.87968100000000e-06	0.000123799002250000
2.10656196000000e-06	4.84396081000000e-06	2.26595040400000e-05
1.37334961000000e-06	3.19265424000000e-06	2.90984724900000e-05
2.78222400000000e-06	2.83080625000000e-06	5.50044722500000e-05
3.67565584000000e-06	7.64854336000000e-06	0.000564803743360000
2.97700516000000e-06	8.33419161000000e-06	2.38065926400000e-05
7.28244196000000e-06	7.20654025000000e-06	7.59111412900000e-05
2.76656689000000e-06	2.86658761000000e-06	0.000111043121290000
3.92911684000000e-06	5.06970256000000e-06	0.000173306693160000
4.88321604000000e-06	5.60174224000000e-06	3.70552212900000e-05
1.92432384000000e-06	5.00506384000000e-06	7.15952899600000e-05
1.36035568900000e-05	4.52115169000000e-06	5.40166201600000e-05
1.17292550400000e-05	5.71018816000000e-06	7.23826608400000e-05
2.96356225000000e-06	7.35657129000000e-06	5.14906704900000e-05
5.31809721000000e-06	2.93094400000000e-06	2.70077696100000e-05
1.68039369000000e-06	4.49482401000000e-06	2.32999290000000e-05
2.36882881000000e-06	2.81501284000000e-06	2.66689616400000e-05
2.86117225000000e-06	2.54434401000000e-06	0.000165179044840000
2.59049025000000e-06	2.79926361000000e-06	9.77033402500000e-05
1.85858689000000e-06	3.25189089000000e-06	3.84226419600000e-05
1.66332609000000e-06	4.63196484000000e-06	2.94002528400000e-05
2.50000000000000e-07	2.50000000000000e-07	4.00000000000000e-06
8.95206400000000e-06	4.76985600000000e-06	6.81120090000000e-05
4.90578201000000e-06	3.53778481000000e-06	9.42705064900000e-05
2.80596001000000e-06	4.16241604000000e-06	4.83414278400000e-05
2.81065225000000e-06	2.65298944000000e-06	2.88304563600000e-05
2.24100900000000e-06	7.41091729000000e-06	4.32109022500000e-05
1.09256691600000e-05	1.24235100900000e-05	9.97401690000000e-05
7.43925625000000e-06	4.84836361000000e-06	0.000114004735290000
3.48083649000000e-06	3.84983641000000e-06	0.000173193496090000
5.62828176000000e-06	2.89816576000000e-06	0.000149678096490000
3.82476249000000e-06	4.99924881000000e-06	0.000140235332410000
3.42916324000000e-06	2.91282489000000e-06	2.28694368400000e-05
6.49026576000000e-06	2.55872016000000e-06	3.20503176900000e-05
5.74512961000000e-06	9.23248225000000e-06	3.67502688400000e-05
2.20581904000000e-06	3.89944009000000e-06	2.71680712900000e-05
2.09931121000000e-06	3.09337744000000e-06	1.16847748900000e-05
1.32480100000000e-06	2.06583129000000e-06	3.94396560100000e-05
1.99883044000000e-06	3.08318481000000e-06	4.39131528900000e-05
4.17507489000000e-06	4.17834481000000e-06	8.68866336900000e-05
1.62894169000000e-06	3.39296400000000e-06	0.000353315930890000
2.06324496000000e-06	5.64110001000000e-06	7.48138502500000e-05
1.84824025000000e-06	4.19307529000000e-06	4.80359886400000e-05
1.22855056000000e-06	2.46176100000000e-06	7.43026760100000e-05
2.36175424000000e-06	4.36475664000000e-06	0.000318294144640000
2.87438116000000e-06	2.67747769000000e-06	3.33171384100000e-05
3.26524900000000e-06	3.71063169000000e-06	6.49281408400000e-05
2.14212496000000e-06	3.26091364000000e-06	3.23237731600000e-05
2.02446003600000e-05	7.84168009000000e-06	0.000106969374760000
3.92713489000000e-06	8.98740441000000e-06	9.66485610000000e-05
1.90164100000000e-06	1.08472225000000e-06	1.22745122500000e-05
1.89778176000000e-06	4.04613225000000e-06	2.34740250000000e-05
2.74962724000000e-06	2.42518329000000e-06	2.13480961600000e-05
1.53611236000000e-06	4.10265025000000e-06	5.55084601600000e-05
2.22457225000000e-06	4.08321000000000e-07	1.57505796900000e-05
3.50663076000000e-06	2.86354084000000e-06	4.56678608400000e-05
5.11754884000000e-06	5.63445169000000e-06	0.000116763152490000