0.00323068671064779	1.23755878859513e-08	-0.000214368182416109
0.00323068672248138	1.11682513474285e-08	-0.000214368324739474
0.00323068673309189	9.96090311825688e-09	-0.000214368452462788
0.00323068674250283	8.75354446603569e-09	-0.000214368565586751
0.00323068675068971	7.54617665974902e-09	-0.000214368664112504
0.00323068675766466	6.33880094895005e-09	-0.000214368748040482
0.00323068676343563	5.13141861122787e-09	-0.000214368817371207
0.00323068676799257	3.92403089669852e-09	-0.000214368872106386
0.00323068677131506	2.71663909404977e-09	-0.000214368912244339
0.00323068677343057	1.50924443562923e-09	-0.000214368937786193
0.00323068677434254	3.01848204578338e-10	-0.000214368948734056
0.00323068677405835	-9.05548350657846e-10	-0.000214368945085090
0.00323068677252662	-2.11294395276743e-09	-0.000214368926841276
0.00323068676979914	-3.32033734442267e-09	-0.000214368894000182
0.00323068676586350	-4.52772726191361e-09	-0.000214368846563333
0.00323068676068495	-5.73511243930697e-09	-0.000214368784530417
0.00323068675432775	-6.94249162427087e-09	-0.000214368707901538
0.00323068674674428	-8.14986353449908e-09	-0.000214368616674921
0.00323068673795981	-9.35722692681828e-09	-0.000214368510849792
0.00323068672793230	-1.05645805283582e-08	-0.000214368390425901
0.00323068671671401	-1.17719230742979e-08	-0.000214368255403135
0.00323068670429365	-1.29792532956506e-08	-0.000214368105779713
0.00323068669063624	-1.41865699525755e-08	-0.000214367941553849
0.00323068667576499	-1.53938717524983e-08	-0.000214367762725828
0.00323068665968176	-1.66011574530727e-08	-0.000214367569292930
0.00323068664239042	-1.78084257806031e-08	-0.000214367361256017
0.00332970036380792	1.23867291444654e-08	-0.000228170997326383
0.00332970037548392	1.11783057495060e-08	-0.000228171139664559
0.00332970038597670	9.96987063836139e-09	-0.000228171267402074
0.00332970039525590	8.76142508223839e-09	-0.000228171380537366
0.00332970040334560	7.55297032708517e-09	-0.000228171479073739
0.00332970041025582	6.34450767186233e-09	-0.000228171563011204
0.00332970041593380	5.13603834753151e-09	-0.000228171632348744
0.00332970042042118	3.92756365665913e-09	-0.000228171687089096
0.00332970042372356	2.71908483492437e-09	-0.000228171727231820
0.00332970042582178	1.51060317268327e-09	-0.000228171752777207
0.00332970042671586	3.02119917550617e-10	-0.000228171763726293
0.00332970042642360	-9.06363639563094e-10	-0.000228171760076620
0.00332970042493276	-2.11484625243193e-09	-0.000228171741829351
0.00332970042222031	-3.32332665706733e-09	-0.000228171708985884
0.00332970041834469	-4.53180356200210e-09	-0.000228171661545504
0.00332970041323211	-5.74027572906020e-09	-0.000228171599504984
0.00332970040693099	-6.94874188176170e-09	-0.000228171522867539
0.00332970039945923	-8.15720074390748e-09	-0.000228171431630604
0.00332970039077545	-9.36565105039622e-09	-0.000228171325794361
0.00332970038088037	-1.05740915547275e-08	-0.000228171205358811
0.00332970036979087	-1.17825209643205e-08	-0.000228171070320766
0.00332970035752167	-1.29909380282338e-08	-0.000228170920680520
0.00332970034402101	-1.41993414619386e-08	-0.000228170756437398
0.00332970032935435	-1.54077300208774e-08	-0.000228170577589981
0.00332970031347723	-1.66161024324545e-08	-0.000228170384137125
0.00332970029638634	-1.78244574179686e-08	-0.000228170176076890
0.00343489474453300	1.23979662949933e-08	-0.000243285220182814
0.00343489475607056	1.11884466885774e-08	-0.000243285362537168
0.00343489476643718	9.97891533378241e-09	-0.000243285490287153
0.00343489477561265	8.76937350763997e-09	-0.000243285603436321
0.00343489478357536	7.55982246415107e-09	-0.000243285701982215
0.00343489479038271	6.35026348783862e-09	-0.000243285785927764
0.00343489479600881	5.14069784991105e-09	-0.000243285855273956
0.00343489480045972	3.93112679742574e-09	-0.000243285910020568
0.00343489480369495	2.72155163850310e-09	-0.000243285950167101
0.00343489480578669	1.51197360826646e-09	-0.000243285975714705
0.00343489480667491	3.02393979308624e-10	-0.000243285986664107
0.00343489480635590	-9.07185938584800e-10	-0.000243285983014076
0.00343489480488859	-2.11676492971965e-09	-0.000243285964765805
0.00343489480221710	-3.32634168458747e-09	-0.000243285931918379
0.00343489479839206	-4.53591495363349e-09	-0.000243285884472191
0.00343489479336127	-5.74548345121840e-09	-0.000243285822426723
0.00343489478713598	-6.95504592473168e-09	-0.000243285745780561
0.00343489477973789	-8.16460108631774e-09	-0.000243285654535105
0.00343489477116186	-9.37414768836059e-09	-0.000243285548686662
0.00343489476138633	-1.05836844302360e-08	-0.000243285428237810
0.00343489475044634	-1.17932100662729e-08	-0.000243285293186192
0.00343489473832289	-1.30027233197163e-08	-0.000243285143530824
0.00343489472500453	-1.42122229212977e-08	-0.000243284979269957
0.00343489471051667	-1.54217075981535e-08	-0.000243284800403999
0.00343489469481252	-1.66311760718618e-08	-0.000243284606930156
0.00343489467795209	-1.78406270875876e-08	-0.000243284398848927
0.00354685921999429	1.24092993343062e-08	-0.000259881224355545
0.00354685923136976	1.11986741633656e-08	-0.000259881366722885
0.00354685924162021	9.98803721961407e-09	-0.000259881494487348
0.00354685925067939	8.77738975594541e-09	-0.000259881607648327
0.00354685925854989	7.56673307853950e-09	-0.000259881706204268
0.00354685926528297	6.35606843000722e-09	-0.000259881790158794
0.00354685927081676	5.14539709348999e-09	-0.000259881859511907
0.00354685927522607	3.93472034907904e-09	-0.000259881914263591
0.00354685927840726	2.72403946075930e-09	-0.000259881954414076
0.00354685928047465	1.51335572471775e-09	-0.000259881979965712
0.00354685928131963	3.02670386901986e-10	-0.000259881990915216
0.00354685928105115	-9.08015269825335e-10	-0.000259881987265330
0.00354685927959109	-2.11869997509174e-09	-0.000259881969014336
0.00354685927693479	-3.32938245047467e-09	-0.000259881936163852
0.00354685927315811	-4.54006142310404e-09	-0.000259881888712179
0.00354685926817548	-5.75073561289327e-09	-0.000259881826660503
0.00354685926205873	-6.96140375945986e-09	-0.000259881750007278
0.00354685925475821	-8.17206459271011e-09	-0.000259881658751198
0.00354685924628655	-9.38271682228842e-09	-0.000259881552892311
0.00354685923662993	-1.05933591769881e-08	-0.000259881432431171
0.00354685922584247	-1.18039904055864e-08	-0.000259881297365485
0.00354685921386488	-1.30146092163429e-08	-0.000259881147694489
0.00354685920070687	-1.42252143194500e-08	-0.000259880983416132
0.00354685918638376	-1.54358044803420e-08	-0.000259880804531292
0.00354685917090711	-1.66463783900666e-08	-0.000259880611038794
0.00354685915424922	-1.78569348012950e-08	-0.000259880402934892
0.00366625944299297	1.24207283085638e-08	-0.000278157771113733
0.00366625945425362	1.12089882136319e-08	-0.000278157913497056
0.00366625946431067	9.99723630287658e-09	-0.000278158041272897
0.00366625947328307	8.78547386359663e-09	-0.000278158154445262
0.00366625948107806	7.57370215895107e-09	-0.000278158253013091
0.00366625948768850	6.36192248373649e-09	-0.000278158336976591
0.00366625949319527	5.15013611193364e-09	-0.000278158406336582
0.00366625949749340	3.93834431502833e-09	-0.000278158461093018
0.00366625950068310	2.72654835867075e-09	-0.000278158501248115
0.00366625950270610	1.51474953488472e-09	-0.000278158526801248
0.00366625950354986	3.02949118761431e-10	-0.000278158537752143
0.00366625950325775	-9.08851620159077e-10	-0.000278158534102016
0.00366625950182449	-2.12065139207525e-09	-0.000278158515850311
0.00366625949921912	-3.33244894521042e-09	-0.000278158482995680
0.00366625949545990	-4.54424297782912e-09	-0.000278158435538421
0.00366625949059569	-5.75603222732985e-09	-0.000278158373481653
0.00366625948453529	-6.96781541473436e-09	-0.000278158296818195
0.00366625947732506	-8.17959126495229e-09	-0.000278158205553768
0.00366625946894554	-9.39135848818284e-09	-0.000278158099683728
0.00366625945942491	-1.06031158215465e-08	-0.000278157979209340
0.00366625944876168	-1.18148619807939e-08	-0.000278157844130819
0.00366625943693121	-1.30265957063735e-08	-0.000278157694444315
0.00366625942394424	-1.42383157043257e-08	-0.000278157530150105
0.00366625940980771	-1.54500206959473e-08	-0.000278157351246086
0.00366625939452967	-1.66617094164184e-08	-0.000278157157734290
0.00366625937806673	-1.78733805834294e-08	-0.000278156949608339
0.00379384990906547	1.24322532291945e-08	-0.000298347836492916
0.00379384992018232	1.12193888261168e-08	-0.000298347978890552
0.00379384993014001	1.00065125947220e-08	-0.000298348106679943
0.00379384993897802	8.79362580760598e-09	-0.000298348219863241
0.00379384994665993	7.58072974291102e-09	-0.000298348318438675
0.00379384995319893	6.36782568155672e-09	-0.000298348402410712
0.00379384995860712	5.15491490418576e-09	-0.000298348471777796
0.00379384996292430	3.94199868228183e-09	-0.000298348526542031
0.00379384996603340	2.72907829731896e-09	-0.000298348566700783
0.00379384996802267	1.51615504936821e-09	-0.000298348592256372
0.00379384996887971	3.03230186875546e-10	-0.000298348603209294
0.00379384996858263	-9.09694989532557e-10	-0.000298348599557081
0.00379384996718601	-2.12261920309959e-09	-0.000298348581303028
0.00379384996459171	-3.33554117679155e-09	-0.000298348548445359
0.00379384996089389	-4.54845962996746e-09	-0.000298348500986172
0.00379384995606029	-5.76137330002370e-09	-0.000298348438920795
0.00379384995010386	-6.97428087717713e-09	-0.000298348362250294
0.00379384994295720	-8.18718110687456e-09	-0.000298348270975968
0.00379384993470655	-9.40007268571183e-09	-0.000298348165096860
0.00379384992530420	-1.06129543594187e-08	-0.000298348044610256
0.00379384991477070	-1.18258248334746e-08	-0.000298347909516423
0.00379384990308660	-1.30386828272336e-08	-0.000298347759815170
0.00379384989029896	-1.42515270717149e-08	-0.000298347595504343
0.00379384987635250	-1.54643562771127e-08	-0.000298347416583182
0.00379384986122623	-1.66771691672296e-08	-0.000298347223049732
0.00379384984500188	-1.78899644572554e-08	-0.000298347014904659
0.00393048903353520	1.24438740987189e-08	-0.000320725871262090
0.00393048904450729	1.12298760427467e-08	-0.000320726013673700
0.00393048905433015	1.00158661251538e-08	-0.000320726141477061
0.00393048906304475	8.80184562963225e-09	-0.000320726254670380
0.00393048907062031	7.58781582516858e-09	-0.000320726353256156
0.00393048907711621	6.37377801544143e-09	-0.000320726437237108
0.00393048908241057	5.15973347165580e-09	-0.000320726506611001
0.00393048908665194	3.94568347223558e-09	-0.000320726561380281
0.00393048908975667	2.73162930503801e-09	-0.000320726601542523
0.00393048909171562	1.51757225764403e-09	-0.000320726627100087
0.00393048909256619	3.03513593765180e-10	-0.000320726638055233
0.00393048909230143	-9.10545374869775e-10	-0.000320726634404578
0.00393048909087972	-2.12460338538235e-09	-0.000320726616147060
0.00393048908834270	-3.33865915213409e-09	-0.000320726583287436
0.00393048908465754	-4.55271140225426e-09	-0.000320726535819931
0.00393048907990966	-5.76675882817706e-09	-0.000320726473749857
0.00393048907401830	-6.98080016980122e-09	-0.000320726397071959
0.00393048906699819	-8.19483414287570e-09	-0.000320726305789247
0.00393048905882816	-9.40885944260978e-09	-0.000320726199899067
0.00393048904953653	-1.06228748152854e-08	-0.000320726079399890
0.00393048903917925	-1.18368789577772e-08	-0.000320725944294521
0.00393048902762296	-1.30508705966583e-08	-0.000320725794578996
0.00393048901498060	-1.42648484546199e-08	-0.000320725630251140
0.00393048900119676	-1.54788112474077e-08	-0.000320725451312280
0.00393048898628626	-1.66927576699591e-08	-0.000320725257759606
0.00393048897027036	-1.79066864688329e-08	-0.000320725049592561
0.00407715734667461	1.24555909468239e-08	-0.000345616907951024
0.00407715735748768	1.12404498640673e-08	-0.000345617050375535
0.00407715736719994	1.00252969016481e-08	-0.000345617178190788
0.00407715737576093	8.81013332466438e-09	-0.000345617291394627
0.00407715738326458	7.59496042763567e-09	-0.000345617389992304
0.00407715738963080	6.37977950230586e-09	-0.000345617473980854
0.00407715739490011	5.16459182099214e-09	-0.000345617543360901
0.00407715739906209	3.94939868348816e-09	-0.000345617598135310
0.00407715740211726	2.73420136682569e-09	-0.000345617638302205
0.00407715740407323	1.51900116830281e-09	-0.000345617663862586
0.00407715740492297	3.03799346633370e-10	-0.000345617674816988
0.00407715740458596	-9.11402778404356e-10	-0.000345617671164348
0.00407715740321214	-2.12660396086294e-09	-0.000345617652907606
0.00407715740074123	-3.34180288734817e-09	-0.000345617620043717
0.00407715739711440	-4.55699827194416e-09	-0.000345617572572536
0.00407715739239634	-5.77218883872813e-09	-0.000345617510496514
0.00407715738660434	-6.98737330233818e-09	-0.000345617433812788
0.00407715737964383	-8.20255037352747e-09	-0.000345617342520199
0.00407715737165657	-9.41771877220899e-09	-0.000345617236620624
0.00407715736245152	-1.06328771927636e-08	-0.000345617116109858
0.00407715735221152	-1.18480243823009e-08	-0.000345616980990858
0.00407715734084034	-1.30631590457472e-08	-0.000345616831259762
0.00407715732837066	-1.42782798680416e-08	-0.000345616666916228
0.00407715731476388	-1.54933855999087e-08	-0.000345616487959542
0.00407715730008592	-1.67084749507142e-08	-0.000345616294388811
0.00407715728427475	-1.79235466148298e-08	-0.000345616086202674
0.00423497956932157	1.24674037795591e-08	-0.000373408067059563
0.00423497958002844	1.12511103080626e-08	-0.000373408209499556
0.00423497958960369	1.00348049283163e-08	-0.000373408337326168
0.00423497959808572	8.81848890347156e-09	-0.000373408450542481
0.00423497960546471	7.60216356385718e-09	-0.000373408549149101
0.00423497961176809	6.38583014154271e-09	-0.000373408633144656
0.00423497961695919	5.16948996906936e-09	-0.000373408702531807
0.00423497962102428	3.95314433485558e-09	-0.000373408757309257
0.00423497962408969	2.73679450510931e-09	-0.000373408797481839
0.00423497962595166	1.52044176380247e-09	-0.000373408823044947
0.00423497962679498	3.04087423219508e-10	-0.000373408833999328
0.00423497962648703	-9.12267230723931e-10	-0.000373408830347723
0.00423497962516051	-2.12862092293663e-09	-0.000373408812088616
0.00423497962268888	-3.34497236972322e-09	-0.000373408779222504
0.00423497961915546	-4.56132026268631e-09	-0.000373408731746132
0.00423497961448220	-5.77766333700305e-09	-0.000373408669663646
0.00423497960871258	-6.99400027622712e-09	-0.000373408592971778
0.00423497960189424	-8.21032981220959e-09	-0.000373408501670548
0.00423497959399935	-9.42665066985332e-09	-0.000373408395761477
0.00423497958493539	-1.06429615338237e-08	-0.000373408275238547
0.00423497957478219	-1.18592611281995e-08	-0.000373408140105560
0.00423497956356532	-1.30755481609580e-08	-0.000373407990361224
0.00423497955129199	-1.42918213464558e-08	-0.000373407826004431
0.00423497953786531	-1.55080793957341e-08	-0.000373407647029561
0.00423497952335619	-1.67243210198102e-08	-0.000373407453440753
0.00423497950775929	-1.79405449280618e-08	-0.000373407245233383
0.00440525154501527	1.24793126328994e-08	-0.000404563205639523
0.00440525155554737	1.12618573918343e-08	-0.000404563348091393
0.00440525156494032	1.00443902094884e-08	-0.000404563475929430
0.00440525157326840	8.82691239203906e-09	-0.000404563589156878
0.00440525158061358	7.60942520430554e-09	-0.000404563687771985
0.00440525158680779	6.39192995552294e-09	-0.000404563771774870
0.00440525159189748	5.17442792105437e-09	-0.000404563841167848
0.00440525159595396	3.95692040680397e-09	-0.000404563895951281
0.00440525159895929	2.73940870035120e-09	-0.000404563936128356
0.00440525160081059	1.52189407678768e-09	-0.000404563961693621
0.00440525160165999	3.04377853670210e-10	-0.000404563972650925
0.00440525160134797	-9.13138701126520e-10	-0.000404563968996335
0.00440525160004744	-2.13065428170259e-09	-0.000404563950735667
0.00440525159763238	-3.34816760436262e-09	-0.000404563917868186
0.00440525159406210	-4.56567737763888e-09	-0.000404563870387392
0.00440525158948375	-5.78318230645842e-09	-0.000404563808297829
0.00440525158383353	-7.00068111711621e-09	-0.000404563731599290
0.00440525157707693	-8.21817249621778e-09	-0.000404563640289776
0.00440525156924718	-9.43565516090124e-09	-0.000404563534370304
0.00440525156031464	-1.06531278319148e-08	-0.000404563413836794
0.00440525155034160	-1.18705891953018e-08	-0.000404563278692726
0.00440525153930358	-1.30880379812526e-08	-0.000404563128932527
0.00440525152712381	-1.43054728877485e-08	-0.000404562964558797
0.00440525151395800	-1.55228926208317e-08	-0.000404562785568926
0.00440525149964518	-1.67402959103948e-08	-0.000404562591960825
0.00440525148423403	-1.79576814491610e-08	-0.000404562383736108
0.00458947328725862	1.24913175044581e-08	-0.000439641717804116
0.00458947329762591	1.12726911293736e-08	-0.000439641860268542
0.00458947330694090	1.00540527932945e-08	-0.000439641988120470
0.00458947331516781	8.83540378631044e-09	-0.000439642101357313
0.00458947332234000	7.61674539877529e-09	-0.000439642199980712
0.00458947332851731	6.39807892825967e-09	-0.000439642283989757
0.00458947333357496	5.17940567178364e-09	-0.000439642353390443
0.00458947333756839	3.96072692109235e-09	-0.000439642408181845
0.00458947334048293	2.74204396154517e-09	-0.000439642448359837
0.00458947334229588	1.52335809737695e-09	-0.000439642473925702
0.00458947334313434	3.04670612838021e-10	-0.000439642484884031
0.00458947334286125	-9.14017195053251e-10	-0.000439642481233145
0.00458947334154049	-2.13270403288711e-09	-0.000439642462968065
0.00458947333918267	-3.35138859920518e-09	-0.000439642430096452
0.00458947333566292	-4.57006961724951e-09	-0.000439642382612528
0.00458947333112075	-5.78874579055803e-09	-0.000439642320516460
0.00458947332558670	-7.00741580740324e-09	-0.000439642243812508
0.00458947331888872	-8.22607839657927e-09	-0.000439642152494815
0.00458947331120991	-9.44473225773553e-09	-0.000439642046563753
0.00458947330241816	-1.06633760852529e-08	-0.000439641926019121
0.00458947329252290	-1.18820086045941e-08	-0.000439641790862961
0.00458947328161872	-1.31006285162396e-08	-0.000439641641088367
0.00458947326965258	-1.43192345198446e-08	-0.000439641476701432
0.00458947325662498	-1.55378253231096e-08	-0.000439641297694094
0.00458947324254652	-1.67563996539945e-08	-0.000439641104068488
0.00458947322736928	-1.79749561724642e-08	-0.000439640895823275
0.00478938977548970	1.25034184050975e-08	-0.000479322872585192
0.00478938978568455	1.12836115143245e-08	-0.000479323015063325
0.00478938979479983	1.00637926520147e-08	-0.000479323142924410
0.00478938980291908	8.84396308799078e-09	-0.000479323256172400
0.00478938981001309	7.62412414535720e-09	-0.000479323354804714
0.00478938981613551	6.40427709115494e-09	-0.000479323438823958
0.00478938982102315	5.18442323822579e-09	-0.000479323508229555
0.00478938982503640	3.96456386859774e-09	-0.000479323563025281
0.00478938982785692	2.74470030232674e-09	-0.000479323603204495
0.00478938982973293	1.52483382199877e-09	-0.000479323628774771
0.00478938983057214	3.04965704368439e-10	-0.000479323639734583
0.00478938983021387	-9.14902716075004e-10	-0.000479323636081917
0.00478938982898541	-2.13477018366922e-09	-0.000479323617816388
0.00478938982663120	-3.35463537003324e-09	-0.000479323584942073
0.00478938982320350	-4.57449700340597e-09	-0.000479323537452824
0.00478938981874371	-5.79435377178102e-09	-0.000479323475351435
0.00478938981322535	-7.01420438702244e-09	-0.000479323398640261
0.00478938980662539	-8.23404754101067e-09	-0.000479323307314632
0.00478938979898941	-9.45388195865280e-09	-0.000479323201374664
0.00478938979040623	-1.06737063432100e-08	-0.000479323080819357
0.00478938978069657	-1.18935193785125e-08	-0.000479322945650816
0.00478938976989119	-1.31133197844741e-08	-0.000479322795862452
0.00478938975813980	-1.43331062646280e-08	-0.000479322631459366
0.00478938974525076	-1.55528775100269e-08	-0.000479322452437419
0.00478938973131782	-1.67726322400231e-08	-0.000479322258795614
0.00478938971635511	-1.79923691395625e-08	-0.000479322050530845
0.00500704162740556	1.25156153547483e-08	-0.000524437610117023
0.00500704163750227	1.12946185985473e-08	-0.000524437752607073
0.00500704164668621	1.00736098141905e-08	-0.000524437880483678
0.00500704165462158	8.85259034948685e-09	-0.000524437993738124
0.00500704166165361	7.63156144566657e-09	-0.000524438092379202
0.00500704166758242	6.41052443971779e-09	-0.000524438176407144
0.00500704167250218	5.18948061561119e-09	-0.000524438245818949
0.00500704167632452	3.96843127674877e-09	-0.000524438300620824
0.00500704167921381	2.74737772570036e-09	-0.000524438340806454
0.00500704168100649	1.52632123644732e-09	-0.000524438366377286
0.00500704168186103	3.05263134317353e-10	-0.000524438377335836
0.00500704168155432	-9.15795277842348e-10	-0.000524438373681685
0.00500704168030563	-2.13685273632045e-09	-0.000524438355413594
0.00500704167787972	-3.35790791301229e-09	-0.000524438322537066
0.00500704167455644	-4.57895952450137e-09	-0.000524438275046135
0.00500704167013460	-5.80000626710700e-09	-0.000524438212937304
0.00500704166480092	-7.02104683714935e-09	-0.000524438136219845
0.00500704165827210	-8.24207995148995e-09	-0.000524438044885937
0.00500704165078121	-9.46310430450460e-09	-0.000524437938936694
0.00500704164218308	-1.06841185964009e-08	-0.000524437818372644
0.00500704163263214	-1.19051215321053e-08	-0.000524437683190609
0.00500704162207259	-1.31261118034932e-08	-0.000524437533389746
0.00500704161035573	-1.43470881207688e-08	-0.000524437368970153
0.00500704159766438	-1.55680491971740e-08	-0.000524437189933974
0.00500704158404215	-1.67889937032260e-08	-0.000524436996274830
0.00500704156920052	-1.80099203782672e-08	-0.000524436787991398
0.00524482844374241	1.25279083790704e-08	-0.000576010489874728
0.00524482845372111	1.13057123582930e-08	-0.000576010632380698
0.00524482846263003	1.00835043038049e-08	-0.000576010760264596
0.00524482847064330	8.86128551402035e-09	-0.000576010873529468
0.00524482847745585	7.63905732092072e-09	-0.000576010972180523
0.00524482848328998	6.41682098239398e-09	-0.000576011056214977
0.00524482848825265	5.19457781877052e-09	-0.000576011125632958
0.00524482849197063	3.97232912790174e-09	-0.000576011180435486
0.00524482849481504	2.75007621874155e-09	-0.000576011220624656
0.00524482849666848	1.52782038247711e-09	-0.000576011246199821
0.00524482849744633	3.05562919181231e-10	-0.000576011257159233
0.00524482849713092	-9.16694876348926e-10	-0.000576011253506486
0.00524482849588549	-2.13895168267033e-09	-0.000576011235236869
0.00524482849363620	-3.36120622025136e-09	-0.000576011202359472
0.00524482849023432	-4.58345719207271e-09	-0.000576011154861447
0.00524482848587173	-5.80570327697051e-09	-0.000576011092751986
0.00524482848052419	-7.02794319069373e-09	-0.000576011016024677
0.00524482847425752	-8.25017561984747e-09	-0.000576010924682769
0.00524482846681294	-9.47239927407616e-09	-0.000576010818724271
0.00524482845832754	-1.06946128602485e-08	-0.000576010698148271
0.00524482844900457	-1.19168150558097e-08	-0.000576010562958448
0.00524482843849336	-1.31390045853925e-08	-0.000576010413144566
0.00524482842708162	-1.43611801286622e-08	-0.000576010248708256
0.00524482841460065	-1.55833404013662e-08	-0.000576010069656614
0.00524482840101554	-1.68054840859565e-08	-0.000576009875980401
0.00524482838639952	-1.80276098951192e-08	-0.000576009667681487
0.00550558850396941	1.25402974863784e-08	-0.000635315613012437
0.00550558851366458	1.13168928165856e-08	-0.000635315755528162
0.00550558852262107	1.00934761103089e-08	-0.000635315883424156
0.00550558853022965	8.87004865319095e-09	-0.000635315996697380
0.00550558853716745	7.64661175501249e-09	-0.000635316095357279
0.00550558854291339	6.42316671084786e-09	-0.000635316179401565
0.00550558854769217	5.19971484575307e-09	-0.000635316248825897
0.00550558855132905	3.97625743731383e-09	-0.000635316303631975
0.00550558855416923	2.75279579836939e-09	-0.000635316343824141
0.00550558855586221	1.52933122621656e-09	-0.000635316369399081
0.00550558855662222	3.05865024533637e-10	-0.000635316380363263
0.00550558855639093	-9.17601507440780e-10	-0.000635316376708525
0.00550558855522994	-2.14106705603520e-09	-0.000635316358441166
0.00550558855295185	-3.36453032312075e-09	-0.000635316325555064
0.00550558854969905	-4.58799000113394e-09	-0.000635316278055474
0.00550558854537843	-5.81144482081095e-09	-0.000635316215939006
0.00550558853996013	-7.03489342712350e-09	-0.000635316139204605
0.00550558853370421	-8.25833456663141e-09	-0.000635316047855834
0.00550558852642837	-9.48176691511725e-09	-0.000635315941889857
0.00550558851821555	-1.07051891489167e-08	-0.000635315821303771
0.00550558850899055	-1.19285999995971e-08	-0.000635315686099177
0.00550558849845131	-1.31519981465501e-08	-0.000635315536270483
0.00550558848733445	-1.43753822974797e-08	-0.000635315371824350
0.00550558847496127	-1.55987511484244e-08	-0.000635315192754991
0.00550558846166387	-1.68221033851567e-08	-0.000635314999063875
0.00550558844733826	-1.80454377126072e-08	-0.000635314790748326
0.00579269968887995	1.25527826579037e-08	-0.000703952010046277
0.00579269969864249	1.13281599924088e-08	-0.000703952152573868
0.00579269970728955	1.01035252482409e-08	-0.000703952280482352
0.00579269971473126	8.87887974573392e-09	-0.000703952393769741
0.00579269972157438	7.65422477885433e-09	-0.000703952492436230
0.00579269972715246	6.42956166293757e-09	-0.000703952576480295
0.00579269973187627	5.20489170027393e-09	-0.000703952645911050
0.00579269973579902	3.98021620509220e-09	-0.000703952700722189
0.00579269973841377	2.75553645553544e-09	-0.000703952740919796
0.00579269974021351	1.53085377582322e-09	-0.000703952766503612
0.00579269974102829	3.06169459364424e-10	-0.000703952777461996
0.00579269974051673	-9.18515162960666e-10	-0.000703952773808826
0.00579269973928259	-2.14319883188180e-09	-0.000703952755539038
0.00579269973699551	-3.36788020541713e-09	-0.000703952722650104
0.00579269973405520	-4.59255799820496e-09	-0.000703952675145375
0.00579269972957311	-5.81723089046884e-09	-0.000703952613024450
0.00579269972466388	-7.04189758963143e-09	-0.000703952536284181
0.00579269971821980	-8.26655679922959e-09	-0.000703952444927529
0.00579269971111100	-9.49120719032454e-09	-0.000703952338952434
0.00579269970294933	-1.07158474758938e-08	-0.000703952218355779
0.00579269969372672	-1.19404763486478e-08	-0.000703952083137875
0.00579269968382421	-1.31650925151774e-08	-0.000703951933302047
0.00579269967263438	-1.43896946426578e-08	-0.000703951768840125
0.00579269966030910	-1.56142814493382e-08	-0.000703951589756965
0.00579269964730690	-1.68388516168255e-08	-0.000703951396045330
0.00579269963322803	-1.80634038550512e-08	-0.000703951187710999
0.00611020809244727	1.25653639618427e-08	-0.000783946488324207
0.00611020810208497	1.13395138828962e-08	-0.000783946630861358
0.00611020811040882	1.01136517288886e-08	-0.000783946758775943
0.00611020811774937	8.88777879933351e-09	-0.000783946872075922
0.00611020812438654	7.66189639513303e-09	-0.000783946970748756
0.00611020813026142	6.43600583079502e-09	-0.000783947054806661
0.00611020813477515	5.21010840555620e-09	-0.000783947124241793
0.00611020813840903	3.98420542503994e-09	-0.000783947179057535
0.00611020814118025	2.75829818265368e-09	-0.000783947219255009
0.00611020814265170	1.53238803231650e-09	-0.000783947244833573
0.00611020814344278	3.06476245232485e-10	-0.000783947255798684
0.00611020814317301	-9.19435883244929e-10	-0.000783947252143604
0.00611020814206414	-2.14534702029323e-09	-0.000783947233876024
0.00611020813979888	-3.37125588388254e-09	-0.000783947200982516
0.00611020813670187	-4.59716114229952e-09	-0.000783947153475001
0.00611020813257560	-5.82306150962978e-09	-0.000783947091347437
0.00611020812730936	-7.04895567747465e-09	-0.000783947014603998
0.00611020812129653	-8.27484231828321e-09	-0.000783946923241428
0.00611020811447068	-9.50072015113920e-09	-0.000783946817254525
0.00611020810637461	-1.07265878520996e-08	-0.000783946696648516
0.00611020809704394	-1.19524441316390e-08	-0.000783946561420215
0.00611020808704196	-1.31782876755366e-08	-0.000783946411566037
0.00611020807655116	-1.44041171742760e-08	-0.000783946247096369
0.00611020806424832	-1.56299313189085e-08	-0.000783946067998618
0.00611020805133017	-1.68557288065906e-08	-0.000783945874273836
0.00611020803757379	-1.80815083403016e-08	-0.000783945665918859
0.00646299288770463	1.25780413628773e-08	-0.000877895741012870
0.00646299289737031	1.13509545126931e-08	-0.000877895883566055
0.00646299290545957	1.01238555613507e-08	-0.000877896011492051
0.00646299291287656	8.89674582919229e-09	-0.000877896124794249
0.00646299291976677	7.66962659518769e-09	-0.000877896223480193
0.00646299292543052	6.44249919355016e-09	-0.000877896307539114
0.00646299293010384	5.21536493101267e-09	-0.000877896376979593
0.00646299293323361	3.98822509681993e-09	-0.000877896431804289
0.00646299293586950	2.76108102907013e-09	-0.000877896472003143
0.00646299293756497	1.53393400673854e-09	-0.000877896497585519
0.00646299293867035	3.06785354044861e-10	-0.000877896508545199
0.00646299293803335	-9.20363633936217e-10	-0.000877896504895666
0.00646299293683950	-2.14751164353352e-09	-0.000877896486617392
0.00646299293485176	-3.37465734636502e-09	-0.000877896453727920
0.00646299293175243	-4.60179947511030e-09	-0.000877896406215054
0.00646299292735257	-5.82893667557648e-09	-0.000877896344085647
0.00646299292223245	-7.05606767294680e-09	-0.000877896267328516
0.00646299291633253	-8.28319114411853e-09	-0.000877896175961716
0.00646299290947962	-9.51030579012512e-09	-0.000877896069965044
0.00646299290168604	-1.07374103011851e-08	-0.000877895949352017
0.00646299289289165	-1.19645033683422e-08	-0.000877895814107767
0.00646299288321338	-1.31915836679361e-08	-0.000877895664250915
0.00646299287186658	-1.44186499171016e-08	-0.000877895499763781
0.00646299286062368	-1.56457007877318e-08	-0.000877895320654771
0.00646299284799820	-1.68727349853164e-08	-0.000877895126909684
0.00646299283426940	-1.80997511936778e-08	-0.000877894918541469
0.00685697874252754	1.25908148939506e-08	-0.000989165396427363
0.00685697875088447	1.13624818875306e-08	-0.000989165538984876
0.00685697875905819	1.01341367619157e-08	-0.000989165666921523
0.00685697876739404	8.90578083050081e-09	-0.000989165780240921
0.00685697877301853	7.67741540418027e-09	-0.000989165878927745
0.00685697877799146	6.44904179884691e-09	-0.000989165962994552
0.00685697878276917	5.22066131762534e-09	-0.000989166032439799
0.00685697878627262	3.99227526141842e-09	-0.000989166087265245
0.00685697878907312	2.76388494445366e-09	-0.000989166127478900
0.00685697879166017	1.53549167901359e-09	-0.000989166153055924
0.00685697879161801	3.07096800974507e-10	-0.000989166164027784
0.00685697879109281	-9.21298425119412e-10	-0.000989166160367392
0.00685697879088429	-2.14969266894342e-09	-0.000989166142095926
0.00685697878853197	-3.37808461460621e-09	-0.000989166109199889
0.00685697878485809	-4.60647295925984e-09	-0.000989166061685434
0.00685697878068936	-5.83485639839372e-09	-0.000989165999547634
0.00685697877691745	-7.06323361000882e-09	-0.000989165922788380
0.00685697876975431	-8.29160329764200e-09	-0.000989165831412016
0.00685697876328762	-9.51996413041478e-09	-0.000989165725408766
0.00685697875540329	-1.07483148157472e-08	-0.000989165604783336
0.00685697874715618	-1.19766540499651e-08	-0.000989165469535190
0.00685697873648706	-1.32049804974633e-08	-0.000989165319660205
0.00685697872614068	-1.44332928803792e-08	-0.000989165155164274
0.00685697871567912	-1.56615898678361e-08	-0.000989164976033112
0.00685697870321434	-1.68898701539276e-08	-0.000989164782271870
0.00685697868850928	-1.81181324330337e-08	-0.000989164573891812
0.00729941046052016	1.26036845576271e-08	-0.00112217289437953
0.00729941047215114	1.13740960072070e-08	-0.00112217303694965
0.00729941047810983	1.01444953323133e-08	-0.00112217316489637
0.00729941048704707	8.91488382775355e-09	-0.00112217327821441
0.00729941049442943	7.68526282412584e-09	-0.00112217337691881
0.00729941050006294	6.45563361539332e-09	-0.00112217346098765
0.00729941050395650	5.22599753632404e-09	-0.00112217353044010
0.00729941050606571	3.99635587283177e-09	-0.00112217358527163
0.00729941051080338	2.76670994830383e-09	-0.00112217362548019
0.00729941050942239	1.53706108113049e-09	-0.00112217365106798
0.00729941051083554	3.07410563610200e-10	-0.00112217366203346
0.00729941051078681	-9.22240274764422e-10	-0.00112217365838112
0.00729941050943206	-2.15189012559585e-09	-0.00112217364010088
0.00729941050703115	-3.38153768825756e-09	-0.00112217360720020
0.00729941050388470	-4.61118165574002e-09	-0.00112217355968868
0.00729941050022760	-5.84082068272832e-09	-0.00112217349754315
0.00729941049649349	-7.07045349024803e-09	-0.00112217342078300
0.00729941048865030	-8.30007875741099e-09	-0.00112217332939539
0.00729941048152356	-9.52969517110183e-09	-0.00112217322337847
0.00729941047566867	-1.07593014309683e-08	-0.00112217310275125
0.00729941046715668	-1.19888962089067e-08	-0.00112217296748832
0.00729941045660439	-1.32184781943064e-08	-0.00112217281760140
0.00729941044902600	-1.44480460887490e-08	-0.00112217265309593
0.00729941043628957	-1.56775985744086e-08	-0.00112217247395295
0.00729941042349976	-1.69071343362260e-08	-0.00112217228018099
0.00729941041141540	-1.81366520705175e-08	-0.00112217207178152
0.00779920833862709	1.26166503695805e-08	-0.00128279571915398
0.00779920833318116	1.13857968873874e-08	-0.00128279586173110
0.00779920835317102	1.01549312676832e-08	-0.00128279598969739
0.00779920837167286	8.92405482552196e-09	-0.00128279610302415
0.00779920836205707	7.69316884765694e-09	-0.00128279620172816
0.00779920837730901	6.46227467051722e-09	-0.00128279628581249
0.00779920839078324	5.23137361054956e-09	-0.00128279635526871
0.00779920837600005	4.00046695949868e-09	-0.00128279641009965
0.00779920838595368	2.76955603519961e-09	-0.00128279645031457
0.00779920839417934	1.53864218268711e-09	-0.00128279647589950
0.00779920837441530	3.07726663730111e-10	-0.00128279648686815
0.00779920837960366	-9.23189159705745e-10	-0.00128279648321237
0.00779920838351825	-2.15410402474174e-09	-0.00128279646493443
0.00779920839957741	-3.38501657274134e-09	-0.00128279643203424
0.00779920836216589	-4.61592551557073e-09	-0.00128279638450763
0.00779920836385275	-5.84682954566238e-09	-0.00128279632236624
0.00779920837855535	-7.07772732408888e-09	-0.00128279624559460
0.00779920838043055	-8.30861756715189e-09	-0.00128279615420577
0.00779920834365511	-9.53949894009095e-09	-0.00128279604818645
0.00779920836061581	-1.07703701328383e-08	-0.00128279592754335
0.00779920832691369	-1.20012298489330e-08	-0.00128279579227604
0.00779920833484426	-1.32320767513894e-08	-0.00128279564237804
0.00779920831952923	-1.44629095537356e-08	-0.00128279547784966
0.00779920829482159	-1.56937269167616e-08	-0.00128279529870352
0.00779920831355614	-1.69245275581680e-08	-0.00128279510491282
0.00779920827211241	-1.81553101315281e-08	-0.00128279489649995
-0.0292202788237882	1.26297234740115e-08	0.0122018356039042
-0.0292202788293623	1.13975956825488e-08	0.0122018354613068
-0.0292202788095758	1.01654557405305e-08	0.0122018353333472
-0.0292202787912064	8.93330495357332e-09	0.0122018352200089
-0.0292202788009256	7.70114463618428e-09	0.0122018351212937
-0.0292202787857956	6.46897610758671e-09	0.0122018350372109
-0.0292202788121497	5.23680067895456e-09	0.0122018349677498
-0.0292202787872615	4.00461966117974e-09	0.0122018349129086
-0.0292202787773644	2.77243436876972e-09	0.0122018348726919
-0.0292202787691620	1.54024613177058e-09	0.0122018348470997
-0.0292202787889754	3.08056246922753e-10	0.0122018348361314
-0.0292202787837850	-9.24133976820677e-10	0.0122018348397843
-0.0292202787798832	-2.15632319497959e-09	0.0122018348580676
-0.0292202788033399	-3.38851012385811e-09	0.0122018348909684
-0.0292202788011796	-4.62069344118211e-09	0.0122018349384941
-0.0292202787994712	-5.85287182939269e-09	0.0122018350006472
-0.0292202787846890	-7.08504396538162e-09	0.0122018350774154
-0.0292202788221725	-8.31720855823976e-09	0.0122018351688232
-0.0292202788194521	-9.54936427874965e-09	0.0122018352748465
-0.0292202788023972	-1.07815098029708e-08	0.0122018353955014
-0.0292202788360063	-1.20136438352724e-08	0.0122018355307833
-0.0292202788279307	-1.32457650506086e-08	0.0122018356806890
-0.0292202788430683	-1.44778721389090e-08	0.0122018358452213
-0.0292202788676337	-1.57099637806759e-08	0.0122018360243828
-0.0292202788487161	-1.69420386677889e-08	0.0122018362181879
-0.0292202788899896	-1.81740954849109e-08	0.0122018364266221
-0.0285698726753695	1.26428815921359e-08	0.0119592217035275
-0.0285698726686104	1.14094701030799e-08	0.0119592215609259
-0.0285698726586322	1.01760464470920e-08	0.0119592214329571
-0.0285698726500570	8.94261194228151e-09	0.0119592213196179
-0.0285698726474195	7.70916788899735e-09	0.0119592212208953
-0.0285698726420094	6.47571562478247e-09	0.0119592211367991
-0.0285698726383405	5.24225644804183e-09	0.0119592210673349
-0.0285698726319808	4.00879167466566e-09	0.0119592210124873
-0.0285698726317862	2.77532264913540e-09	0.0119592209722723
-0.0285698726288437	1.54185064126862e-09	0.0119592209466794
-0.0285698726274644	3.08376999708882e-10	0.0119592209357078
-0.0285698726275380	-9.25096977138208e-10	0.0119592209393706
-0.0285698726288099	-2.15856996838515e-09	0.0119592209576450
-0.0285698726310870	-3.39204065342045e-09	0.0119592209905413
-0.0285698726341329	-4.62550772079477e-09	0.0119592210380750
-0.0285698726375912	-5.85896985544816e-09	0.0119592211002298
-0.0285698726411403	-7.09242574037906e-09	0.0119592211770184
-0.0285698726486903	-8.32587406468964e-09	0.0119592212684201
-0.0285698726554801	-9.55931349777922e-09	0.0119592213744555
-0.0285698726653565	-1.07927427412446e-08	0.0119592214951114
-0.0285698726734553	-1.20261604930673e-08	0.0119592216304020
-0.0285698726835332	-1.32595653926677e-08	0.0119592217803162
-0.0285698726906565	-1.44929561613546e-08	0.0119592219448701
-0.0285698727028430	-1.57263314712938e-08	0.0119592221240492
-0.0285698727150185	-1.69596900049273e-08	0.0119592223178557
-0.0285698727264807	-1.81930304594184e-08	0.0119592225263034
-0.0278200787213914	1.26561358649389e-08	0.0116549749352178
-0.0278200787137270	1.14214312938560e-08	0.0116549747925975
-0.0278200787062002	1.01867145372402e-08	0.0116549746646126
-0.0278200786984950	8.95198691986882e-09	0.0116549745512665
-0.0278200786933486	7.71724976401709e-09	0.0116549744525359
-0.0278200786888227	6.48250437113926e-09	0.0116549743684463
-0.0278200786843924	5.24775205519179e-09	0.0116549742989742
-0.0278200786811747	4.01299416925434e-09	0.0116549742441289
-0.0278200786785999	2.77823198897504e-09	0.0116549742039033
-0.0278200786777034	1.54346684884075e-09	0.0116549741783105
-0.0278200786762642	3.08700053918547e-10	0.0116549741673464
-0.0278200786767304	-9.26067050478051e-10	0.0116549741709955
-0.0278200786768582	-2.16083319147886e-09	0.0116549741892757
-0.0278200786790666	-3.39559701849735e-09	0.0116549742221895
-0.0278200786825237	-4.63035722202495e-09	0.0116549742697285
-0.0278200786863580	-5.86511249005588e-09	0.0116549743318816
-0.0278200786913077	-7.09986149531917e-09	0.0116549744086638
-0.0278200786964529	-8.33460294357219e-09	0.0116549745000794
-0.0278200787023904	-9.56933548866953e-09	0.0116549746061243
-0.0278200787096587	-1.08040578388648e-08	0.0116549747267905
-0.0278200787188087	-1.20387686702191e-08	0.0116549748620918
-0.0278200787271447	-1.32734666621244e-08	0.0116549750120213
-0.0278200787366351	-1.45081504989606e-08	0.0116549751765661
-0.0278200787477779	-1.57428188540148e-08	0.0116549753557698
-0.0278200787592293	-1.69774704410914e-08	0.0116549755495934
-0.0278200787713419	-1.82121039035043e-08	0.0116549757580570
-0.0269494531281473	1.26694863096595e-08	0.0112675119559957
-0.0269494531203127	1.14334792582277e-08	0.0112675118133674
-0.0269494531123106	1.01974600257083e-08	0.0112675116853729
-0.0269494531057053	8.96142991355721e-09	0.0112675115720157
-0.0269494531003249	7.72539023877767e-09	0.0112675114732746
-0.0269494530952751	6.48934234696031e-09	0.0112675113891810
-0.0269494530910837	5.25328753401302e-09	0.0112675113197011
-0.0269494530875455	4.01722711638212e-09	0.0112675112648485
-0.0269494530851739	2.78116240995956e-09	0.0112675112246222
-0.0269494530836485	1.54509474284980e-09	0.0112675111990215
-0.0269494530834329	3.09025423450793e-10	0.0112675111880596
-0.0269494530832761	-9.27044211529028e-10	0.0112675111917235
-0.0269494530843143	-2.16311287034560e-09	0.0112675112100018
-0.0269494530869052	-3.39917920629819e-09	0.0112675112429161
-0.0269494530896382	-4.63524194013221e-09	0.0112675112904427
-0.0269494530928216	-5.87129972597964e-09	0.0112675113526130
-0.0269494530973590	-7.10735124711550e-09	0.0112675114293955
-0.0269494531026684	-8.34339519153402e-09	0.0112675115208294
-0.0269494531087102	-9.57943024667464e-09	0.0112675116268573
-0.0269494531156882	-1.08154550788823e-08	0.0112675117475461
-0.0269494531242836	-1.20514683980767e-08	0.0112675118828452
-0.0269494531329416	-1.32874688578354e-08	0.0112675120327925
-0.0269494531423101	-1.45234551408816e-08	0.0112675121973598
-0.0269494531531104	-1.57594259579617e-08	0.0112675123765679
-0.0269494531643261	-1.69953799654324e-08	0.0112675125704011
-0.0269494531765889	-1.82313158546210e-08	0.0112675127788795
-0.0259315629561120	1.26829329264925e-08	0.0107656129783257
-0.0259315629482525	1.14456140022312e-08	0.0107656128356880
-0.0259315629406054	1.02082828957675e-08	0.0107656127076917
-0.0259315629343532	8.97094091078433e-09	0.0107656125943370
-0.0259315629285953	7.73358935123717e-09	0.0107656124955888
-0.0259315629235148	6.49622955966309e-09	0.0107656124114854
-0.0259315629196160	5.25886284113319e-09	0.0107656123419937
-0.0259315629164888	4.02149050848119e-09	0.0107656122871453
-0.0259315629140591	2.78411390480109e-09	0.0107656122469098
-0.0259315629128413	1.54673432933173e-09	0.0107656122213283
-0.0259315629121407	3.09353106846340e-10	0.0107656122103461
-0.0259315629123907	-9.28028448983355e-10	0.0107656122140111
-0.0259315629133583	-2.16540902004540e-09	0.0107656122322973
-0.0259315629152969	-3.40278726741073e-09	0.0107656122652003
-0.0259315629179727	-4.64016190266503e-09	0.0107656123127446
-0.0259315629220054	-5.87753158910055e-09	0.0107656123749061
-0.0259315629260932	-7.11489500249688e-09	0.0107656124517016
-0.0259315629313000	-8.35225084556250e-09	0.0107656125431353
-0.0259315629376192	-9.58959778880212e-09	0.0107656126491794
-0.0259315629446281	-1.08269344955088e-08	0.0107656127698717
-0.0259315629522533	-1.20642596855913e-08	0.0107656129051960
-0.0259315629608527	-1.33015720073562e-08	0.0107656130551361
-0.0259315629703800	-1.45388701468588e-08	0.0107656132197339
-0.0259315629805516	-1.57761527981962e-08	0.0107656133989419
-0.0259315629916904	-1.70134186263175e-08	0.0107656135927883
-0.0259315630040350	-1.82506663383777e-08	0.0107656138012859
-0.0247348442166133	1.26964756938690e-08	0.0101033575160198
-0.0247348442084861	1.14578355370369e-08	0.0101033573734019
-0.0247348442012772	1.02191831608127e-08	0.0101033572453920
-0.0247348441947786	8.98051988997370e-09	0.0101033571320137
-0.0247348441893608	7.74184706510699e-09	0.0101033570332636
-0.0247348441843422	6.50316599239334e-09	0.0101033569491304
-0.0247348441804221	5.26447797773391e-09	0.0101033568796596
-0.0247348441774109	4.02578436782810e-09	0.0101033568247884
-0.0247348441752516	2.78708647051765e-09	0.0101033567845581
-0.0247348441738066	1.54838560030811e-09	0.0101033567589861
-0.0247348441731034	3.09683078919061e-10	0.0101033567480174
-0.0247348441735740	-9.29019773038674e-10	0.0101033567516723
-0.0247348441745819	-2.16772163328976e-09	0.0101033567699407
-0.0247348441761730	-3.40642119399187e-09	0.0101033568028560
-0.0247348441789323	-4.64511711205145e-09	0.0101033568504103
-0.0247348441823643	-5.88380808628888e-09	0.0101033569125631
-0.0247348441867842	-7.12249279636869e-09	0.0101033569893895
-0.0247348441918564	-8.36116991363415e-09	0.0101033570808010
-0.0247348441981253	-9.59983812802260e-09	0.0101033571868686
-0.0247348442049424	-1.08384961006011e-08	0.0101033573075646
-0.0247348442123346	-1.20771425432392e-08	0.0101033574428937
-0.0247348442208885	-1.33157761153354e-08	0.0101033575928457
-0.0247348442302201	-1.45543955048898e-08	0.0101033577574276
-0.0247348442402189	-1.57929993843527e-08	0.0101033579366504
-0.0247348442513781	-1.70315864478213e-08	0.0101033581305193
-0.0247348442631504	-1.82701553560873e-08	0.0101033583390287
-0.0233245637527997	1.27101146569900e-08	0.00921240604695932
-0.0233245637449930	1.14701438415184e-08	0.00921240590431292
-0.0233245637377133	1.02301608055466e-08	0.00921240577628556
-0.0233245637315752	8.99016688272813e-09	0.00921240566289449
-0.0233245637259438	7.75016338812056e-09	0.00921240556413927
-0.0233245637212950	6.51015164122590e-09	0.00921240548000003
-0.0233245637174177	5.27013296265321e-09	0.00921240541050000
-0.0233245637142609	4.03010866912875e-09	0.00921240535563898
-0.0233245637122483	2.79008008375865e-09	0.00921240531545158
-0.0233245637106483	1.55004853437104e-09	0.00921240528985042
-0.0233245637099977	3.10015322701854e-10	0.00921240527884204
-0.0233245637101951	-9.30018206768586e-10	0.00921240528251198
-0.0233245637114016	-2.17005074980579e-09	0.00921240530082907
-0.0233245637132380	-3.41008098330104e-09	0.00921240533374340
-0.0233245637158759	-4.65010757637638e-09	0.00921240538129279
-0.0233245637193359	-5.89012923117848e-09	0.00921240544344013
-0.0233245637234989	-7.13014461044604e-09	0.00921240552024236
-0.0233245637285613	-8.37015240605567e-09	0.00921240561168364
-0.0233245637344166	-9.61015127963772e-09	0.00921240571772880
-0.0233245637410449	-1.08501399311186e-08	0.00921240583843363
-0.0233245637487346	-1.20901170096349e-08	0.00921240597377544
-0.0233245637570986	-1.33300812253799e-08	0.00921240612377779
-0.0233245637662832	-1.45700312466501e-08	0.00921240628838107
-0.0233245637760660	-1.58099657500582e-08	0.00921240646762241
-0.0233245637867587	-1.70498834288678e-08	0.00921240666145875
-0.0233245637983846	-1.82897829499761e-08	0.00921240686999814
-0.0216708651878191	1.27238497720217e-08	0.00799128596210210
-0.0216708651800562	1.14825389109795e-08	0.00799128581946515
-0.0216708651730407	1.02412158344279e-08	0.00799128569139759
-0.0216708651669663	8.99988186076095e-09	0.00799128557804589
-0.0216708651615877	7.75853830781209e-09	0.00799128547922934
-0.0216708651570414	6.51718650313010e-09	0.00799128539510728
-0.0216708651530950	5.27582774817516e-09	0.00799128532558307
-0.0216708651502685	4.03446340824284e-09	0.00799128527076511
-0.0216708651479778	2.79309475648210e-09	0.00799128523048839
-0.0216708651465977	1.55172313043335e-09	0.00799128520494873
-0.0216708651459053	3.10349862087558e-10	0.00799128519391466
-0.0216708651462110	-9.31023752092784e-10	0.00799128519760348
-0.0216708651472365	-2.17239635874575e-09	0.00799128521594579
-0.0216708651489139	-3.41376667056804e-09	0.00799128524878744
-0.0216708651515909	-4.65513333114405e-09	0.00799128529634134
-0.0216708651550966	-5.89649506010875e-09	0.00799128535858217
-0.0216708651591999	-7.13785049522055e-09	0.00799128543533544
-0.0216708651641559	-8.37919833446189e-09	0.00799128552684096
-0.0216708651699512	-9.62053725805890e-09	0.00799128563288738
-0.0216708651765318	-1.08618659573338e-08	0.00799128575353992
-0.0216708651838755	-1.21031830805906e-08	0.00799128588892643
-0.0216708651920465	-1.33444873388636e-08	0.00799128603886152
-0.0216708652010243	-1.45857773948827e-08	0.00799128620354084
-0.0216708652107870	-1.58270519183251e-08	0.00799128638278461
-0.0216708652214580	-1.70683096027388e-08	0.00799128657670181
-0.0216708652327131	-1.83095491352874e-08	0.00799128678521171
-0.0197726828749528	1.27376810583611e-08	0.00629524731448371
-0.0197726828672111	1.14950207700808e-08	0.00629524717171745
-0.0197726828605107	1.02523482612970e-08	0.00629524704380111
-0.0197726828543087	9.00966483097294e-09	0.00629524693033412
-0.0197726828491814	7.76697184052000e-09	0.00629524683163864
-0.0197726828446478	6.52427058556405e-09	0.00629524674745251
-0.0197726828409020	5.28156239226901e-09	0.00629524667792678
-0.0197726828379271	4.03884856653564e-09	0.00629524662308229
-0.0197726828358098	2.79613047032980e-09	0.00629524658279368
-0.0197726828346462	1.55340938956675e-09	0.00629524655736892
-0.0197726828339331	3.10686658734804e-10	0.00629524654635234
-0.0197726828341332	-9.32036407662051e-10	0.00629524654997603
-0.0197726828349583	-2.17475847818893e-09	0.00629524656817705
-0.0197726828367673	-3.41747823556656e-09	0.00629524660115947
-0.0197726828394403	-4.66019436334702e-09	0.00629524664873638
-0.0197726828427984	-5.90290553620158e-09	0.00629524671094059
-0.0197726828466611	-7.14561042408437e-09	0.00629524678760619
-0.0197726828516047	-8.38830771498796e-09	0.00629524687904957
-0.0197726828574385	-9.63099609274595e-09	0.00629524698528338
-0.0197726828637672	-1.08736742156472e-08	0.00629524710594011
-0.0197726828710620	-1.21163407839060e-08	0.00629524724136463
-0.0197726828790696	-1.33589944766287e-08	0.00629524739126273
-0.0197726828878370	-1.46016339515595e-08	0.00629524755590965
-0.0197726828974591	-1.58442578969679e-08	0.00629524773518173
-0.0197726829077652	-1.70868649927989e-08	0.00629524792897143
-0.0197726829189603	-1.83294539201068e-08	0.00629524813759669
-0.0177171557235514	1.27516085518529e-08	0.00394720985339654
-0.0177171557157176	1.15075894341350e-08	0.00394720971040334
-0.0177171557090838	1.02635581061848e-08	0.00394720958238608
-0.0177171557032281	9.01951584309001e-09	0.00394720946906925
-0.0177171556979282	7.77546401098527e-09	0.00394720937016773
-0.0177171556935857	6.53140390827465e-09	0.00394720928623126
-0.0177171556900473	5.28733687582740e-09	0.00394720921674144
-0.0177171556868679	4.04326422093384e-09	0.00394720916159551
-0.0177171556848421	2.79918726781140e-09	0.00394720912138593
-0.0177171556836789	1.55510734151226e-09	0.00394720909604568
-0.0177171556829914	3.11025762923681e-10	0.00394720908498695
-0.0177171556832128	-9.33056156503224e-10	0.00394720908868920
-0.0177171556842359	-2.17713706784790e-09	0.00394720910703418
-0.0177171556858673	-3.42121568075342e-09	0.00394720913984941
-0.0177171556882594	-4.66529063797147e-09	0.00394720918727112
-0.0177171556915984	-5.90936065414267e-09	0.00394720924954304
-0.0177171556956547	-7.15342438728309e-09	0.00394720932637711
-0.0177171557004283	-8.39748052150375e-09	0.00394720941774425
-0.0177171557058368	-9.64152773508087e-09	0.00394720952375430
-0.0177171557124874	-1.08855646904766e-08	0.00394720964480891
-0.0177171557195599	-1.21295900920558e-08	0.00394720978011116
-0.0177171557273648	-1.33736026000622e-08	0.00394720993012591
-0.0177171557360137	-1.46176008961026e-08	0.00394721009470555
-0.0177171557454257	-1.58615836637319e-08	0.00394721027394977
-0.0177171557555148	-1.71055495695728e-08	0.00394721046772260
-0.0177171557664520	-1.83494973074448e-08	0.00394721067626236
-0.0157887320277013	1.27656323510528e-08	0.000841140230632493
-0.0157887320203120	1.15202450158500e-08	0.000841140087901865
-0.0157887320134173	1.02748454440484e-08	0.000841139959416905
-0.0157887320077191	9.02943497540596e-09	0.000841139846196543
-0.0157887320026987	7.78401490305654e-09	0.000841139747589264
-0.0157887319983338	6.53858657175810e-09	0.000841139663304045
-0.0157887319944452	5.29315130684024e-09	0.000841139593302096
-0.0157887319918625	4.04771041503380e-09	0.000841139538982665
-0.0157887319896850	2.80226523221605e-09	0.000841139498528855
-0.0157887319884661	1.55681705651390e-09	0.000841139472972395
-0.0157887319880678	3.11367241845287e-10	0.000841139462366185
-0.0157887319879450	-9.34082907277881e-10	0.000841139465516025
-0.0157887319890202	-2.17953205664536e-09	0.000841139484047768
-0.0157887319906522	-3.42497890202235e-09	0.000841139516939518
-0.0157887319931804	-4.67042210281476e-09	0.000841139564437460
-0.0157887319961851	-5.91586035173441e-09	0.000841139626374627
-0.0157887320000310	-7.16129231679318e-09	0.000841139703057246
-0.0157887320051893	-8.40671667821082e-09	0.000841139795214234
-0.0157887320102731	-9.65213211482261e-09	0.000841139900690411
-0.0157887320163623	-1.08975373087978e-08	0.000841140021256964
-0.0157887320234560	-1.21429309228644e-08	0.000841140156870953
-0.0157887320315176	-1.33883116547389e-08	0.000841140307338690
-0.0157887320400183	-1.46336781677102e-08	0.000841140471997393
-0.0157887320490133	-1.58790291439407e-08	0.000841140650907381
-0.0157887320588225	-1.71243632508867e-08	0.000841140844635428
-0.0157887320698518	-1.83696791876461e-08	0.000841141053719755
-0.0145211125444448	1.27797526173646e-08	-0.00274033444956625
-0.0145211125373794	1.15329876613677e-08	-0.00274033459226372
-0.0145211125311409	1.02862104679369e-08	-0.00274033471977434
-0.0145211125251673	9.03942237628200e-09	-0.00274033483365467
-0.0145211125202561	7.79262468785479e-09	-0.00274033493220300
-0.0145211125159518	6.54581873909198e-09	-0.00274033501679407
-0.0145211125123333	5.29900584088801e-09	-0.00274033508650960
-0.0145211125095180	4.05218732023857e-09	-0.00274033514152994
-0.0145211125074324	2.80536451273930e-09	-0.00274033518170792
-0.0145211125063466	1.55853872234849e-09	-0.00274033520703312
-0.0145211125060255	3.11711269953735e-10	-0.00274033521719588
-0.0145211125058960	-9.35116500519999e-10	-0.00274033521440694
-0.0145211125067837	-2.18194327678876e-09	-0.00274033519602976
-0.0145211125083745	-3.42876775045478e-09	-0.00274033516353379
-0.0145211125109361	-4.67558857925968e-09	-0.00274033511531426
-0.0145211125138635	-5.92240445230604e-09	-0.00274033505355301
-0.0145211125180318	-7.16921404287685e-09	-0.00274033497601767
-0.0145211125225465	-8.41601602619986e-09	-0.00274033488504307
-0.0145211125280439	-9.66280907999821e-09	-0.00274033477836645
-0.0145211125339288	-1.09095919044837e-08	-0.00274033465813511
-0.0145211125410309	-1.21563631396239e-08	-0.00274033452211281
-0.0145211125485013	-1.34031214725872e-08	-0.00274033437234645
-0.0145211125568148	-1.46498656005233e-08	-0.00274033420755902
-0.0145211125656937	-1.58965941747881e-08	-0.00274033402869677
-0.0145211125755184	-1.71433059103022e-08	-0.00274033383463015
-0.0145211125860301	-1.83899994467628e-08	-0.00274033362614378
-0.0143067025509092	1.27939694669521e-08	-0.00579891504439200
-0.0143067025438866	1.15458174912870e-08	-0.00579891518696761
-0.0143067025374073	1.02976532987286e-08	-0.00579891531618362
-0.0143067025318368	9.04947819073695e-09	-0.00579891542921828
-0.0143067025268953	7.80129348264412e-09	-0.00579891552885740
-0.0143067025228724	6.55310051754792e-09	-0.00579891561141370
-0.0143067025194193	5.30490060328669e-09	-0.00579891568160364
-0.0143067025166674	4.05669506269254e-09	-0.00579891573597949
-0.0143067025146818	2.80848523302974e-09	-0.00579891577705197
-0.0143067025134975	1.56027243018983e-09	-0.00579891580161924
-0.0143067025128721	3.12057965623467e-10	-0.00579891581316092
-0.0143067025130237	-9.36156828679371e-10	-0.00579891581027079
-0.0143067025139316	-2.18437062822211e-09	-0.00579891579180648
-0.0143067025154380	-3.43258211433809e-09	-0.00579891575990936
-0.0143067025178028	-4.68078995947722e-09	-0.00579891571125971
-0.0143067025208901	-5.92899284885782e-09	-0.00579891564890736
-0.0143067025249267	-7.17718945298884e-09	-0.00579891557219650
-0.0143067025292951	-8.42537845847706e-09	-0.00579891548125359
-0.0143067025346722	-9.67355852722390e-09	-0.00579891537473036
-0.0143067025403794	-1.09217283461123e-08	-0.00579891525387330
-0.0143067025473000	-1.21698865967600e-08	-0.00579891511824796
-0.0143067025546926	-1.34180319604875e-08	-0.00579891496780859
-0.0143067025625822	-1.46661630872717e-08	-0.00579891480403524
-0.0143067025717466	-1.59142786875896e-08	-0.00579891462452712
-0.0143067025810865	-1.71623774186213e-08	-0.00579891443033994
-0.0143067025913331	-1.84104579592070e-08	-0.00579891422239293
-0.0146965875255906	1.28082827854811e-08	-0.00726911707934621
-0.0146965875184291	1.15587343979416e-08	-0.00726911722192049
-0.0146965875124411	1.03091737882352e-08	-0.00726911735017874
-0.0146965875069357	9.05960227308622e-09	-0.00726911746307329
-0.0146965875020802	7.81002115645121e-09	-0.00726911756278410
-0.0146965874978814	6.56043177531319e-09	-0.00726911764587455
-0.0146965874945836	5.31083545889132e-09	-0.00726911771683918
-0.0146965874917539	4.06123350947631e-09	-0.00726911777096949
-0.0146965874901627	2.81162727015876e-09	-0.00726911781238240
-0.0146965874889395	1.56201806238290e-09	-0.00726911783717826
-0.0146965874883618	3.12407186496568e-10	-0.00726911784819640
-0.0146965874885575	-9.37204016350518e-10	-0.00726911784488169
-0.0146965874891100	-2.18681422804624e-09	-0.00726911782510099
-0.0146965874909780	-3.43642212104061e-09	-0.00726911779363122
-0.0146965874933115	-4.68602637361444e-09	-0.00726911774614561
-0.0146965874963209	-5.93562566460087e-09	-0.00726911768346104
-0.0146965875000496	-7.18521869753848e-09	-0.00726911760770491
-0.0146965875043178	-8.43480409935552e-09	-0.00726911751432686
-0.0146965875096899	-9.68438057748057e-09	-0.00726911740913809
-0.0146965875155029	-1.09339468196258e-08	-0.00726911728845550
-0.0146965875220405	-1.21835014738182e-08	-0.00726911715273126
-0.0146965875290612	-1.34330432383206e-08	-0.00726911700309146
-0.0146965875370255	-1.46825707800336e-08	-0.00726911683819293
-0.0146965875456530	-1.59320827797356e-08	-0.00726911665836143
-0.0146965875554208	-1.71815779234785e-08	-0.00726911646555052
-0.0146965875652680	-1.84310548723252e-08	-0.00726911625635892
-0.0148352077822894	1.28226922971712e-08	-0.00723105765848109
-0.0148352077752489	1.15717381122088e-08	-0.00723105780095349
-0.0148352077691885	1.03207716928685e-08	-0.00723105792846431
-0.0148352077635848	9.06979437141459e-09	-0.00723105804179471
-0.0148352077592745	7.81880746401766e-09	-0.00723105814094153
-0.0148352077549788	6.56781227768767e-09	-0.00723105822468576
-0.0148352077520586	5.31681015856919e-09	-0.00723105829539629
-0.0148352077495077	4.06580241395043e-09	-0.00723105834995371
-0.0148352077476750	2.81479036360951e-09	-0.00723105839086007
-0.0148352077463566	1.56377534869583e-09	-0.00723105841638365
-0.0148352077457492	3.12758673998972e-10	-0.00723105842703222
-0.0148352077460246	-9.38258326548606e-10	-0.00723105842348571
-0.0148352077466480	-2.18927434066290e-09	-0.00723105840428668
-0.0148352077483147	-3.44028803663150e-09	-0.00723105837247693
-0.0148352077504518	-4.69129809106845e-09	-0.00723105832362461
-0.0148352077538168	-5.94230319058077e-09	-0.00723105826313080
-0.0148352077572358	-7.19330201233551e-09	-0.00723105818566934
-0.0148352077615005	-8.44429322989686e-09	-0.00723105809365095
-0.0148352077665524	-9.69527551321642e-09	-0.00723105798739350
-0.0148352077721018	-1.09462475494524e-08	-0.00723105786626333
-0.0148352077783198	-1.21972080077272e-08	-0.00723105773079533
-0.0148352077854968	-1.34481555774266e-08	-0.00723105758064929
-0.0148352077933487	-1.46990889229459e-08	-0.00723105741654070
-0.0148352078023938	-1.59500067414448e-08	-0.00723105723834644
-0.0148352078113671	-1.72009076803881e-08	-0.00723105704376522
-0.0148352078212330	-1.84517904458110e-08	-0.00723105683505029
-0.0144642693368369	1.28371979578615e-08	-0.00649378416895641
-0.0144642693304877	1.15848285652281e-08	-0.00649378431188277
-0.0144642693239672	1.03324469573614e-08	-0.00649378443921862
-0.0144642693192644	9.08005443628413e-09	-0.00649378455381697
-0.0144642693147748	7.82765231843790e-09	-0.00649378465277489
-0.0144642693108357	6.57524194219746e-09	-0.00649378473670584
-0.0144642693077475	5.32282461651671e-09	-0.00649378480655010
-0.0144642693051113	4.07040168226575e-09	-0.00649378486136407
-0.0144642693031902	2.81797444673447e-09	-0.00649378490111626
-0.0144642693021008	1.56554422831102e-09	-0.00649378492721049
-0.0144642693009832	3.13112362593834e-10	-0.00649378493712468
-0.0144642693010331	-9.39319842851435e-10	-0.00649378493300925
-0.0144642693022531	-2.19175103827106e-09	-0.00649378491562496
-0.0144642693043328	-3.44417993136662e-09	-0.00649378488366358
-0.0144642693062049	-4.69660518514997e-09	-0.00649378483525043
-0.0144642693089694	-5.94902547901204e-09	-0.00649378477332608
-0.0144642693126469	-7.20143949539605e-09	-0.00649378469669584
-0.0144642693166193	-8.45384589565028e-09	-0.00649378460376424
-0.0144642693214116	-9.70624337720492e-09	-0.00649378449819794
-0.0144642693273206	-1.09586306205597e-08	-0.00649378437795005
-0.0144642693339316	-1.22110062876202e-08	-0.00649378424286607
-0.0144642693405103	-1.34633690669355e-08	-0.00649378409196418
-0.0144642693482254	-1.47157176187417e-08	-0.00649378392792831
-0.0144642693566529	-1.59680506346423e-08	-0.00649378374859654
-0.0144642693650409	-1.72203667995762e-08	-0.00649378355350209
-0.0144642693750131	-1.84726647643437e-08	-0.00649378334540777
-0.0137723379382338	1.28517998176711e-08	-0.00560033933711792
-0.0137723379313767	1.15980058365309e-08	-0.00560033947925946
-0.0137723379260713	1.03441996171284e-08	-0.00560033960825279
-0.0137723379210258	9.09038249921972e-09	-0.00560033972156253
-0.0137723379164831	7.83655579231620e-09	-0.00560033982050315
-0.0137723379122615	6.58272082368710e-09	-0.00560033990395415
-0.0137723379093199	5.32887891810718e-09	-0.00560033997392416
-0.0137723379070262	4.07503137897847e-09	-0.00560034002912002
-0.0137723379052457	2.82117956216058e-09	-0.00560034006928953
-0.0137723379037509	1.56732475967522e-09	-0.00560034009457052
-0.0137723379030857	3.13468303790075e-10	-0.00560034010528766
-0.0137723379037378	-9.40388481831236e-10	-0.00560034010233745
-0.0137723379044606	-2.19424426658608e-09	-0.00560034008369469
-0.0137723379058008	-3.44809774818433e-09	-0.00560034005067055
-0.0137723379081106	-4.70194759463376e-09	-0.00560034000335597
-0.0137723379113079	-5.95579247588785e-09	-0.00560033994146323
-0.0137723379146553	-7.20963108022038e-09	-0.00560033986469006
-0.0137723379184002	-8.46346208313271e-09	-0.00560033977257082
-0.0137723379234339	-9.71728415430029e-09	-0.00560033966685133
-0.0137723379291110	-1.09710959911533e-08	-0.00560033954607586
-0.0137723379345474	-1.22248962628159e-08	-0.00560033940977842
-0.0137723379415665	-1.34786836367365e-08	-0.00560033926007563
-0.0137723379491184	-1.47324567948117e-08	-0.00560033909556015
-0.0137723379572540	-1.59862144269695e-08	-0.00560033891625932
-0.0137723379665120	-1.72399551990043e-08	-0.00560033872275447
-0.0137723379755236	-1.84936777939068e-08	-0.00560033851357472
-0.0129441098593766	1.28664979400001e-08	-0.00474534902024334
-0.0129441098529543	1.16112699617756e-08	-0.00474534916283066
-0.0129441098470084	1.03560297475044e-08	-0.00474534929064018
-0.0129441098423061	9.10077863556240e-09	-0.00474534940448420
-0.0129441098379907	7.84551793989740e-09	-0.00474534950331622
-0.0129441098342411	6.59024896807423e-09	-0.00474534958750181
-0.0129441098311644	5.33497308844411e-09	-0.00474534965700645
-0.0129441098286512	4.07969157470996e-09	-0.00474534971177361
-0.0129441098270363	2.82440576996366e-09	-0.00474534975231792
-0.0129441098259125	1.56911698426806e-09	-0.00474534977796488
-0.0129441098248580	3.13826556830396e-10	-0.00474534978831504
-0.0129441098254419	-9.41464213111078e-10	-0.00474534978516501
-0.0129441098261268	-2.19675398412960e-09	-0.00474534976663998
-0.0129441098277048	-3.45204144754938e-09	-0.00474534973382346
-0.0129441098301649	-4.70732527360046e-09	-0.00474534968661759
-0.0129441098326967	-5.96260413223699e-09	-0.00474534962434010
-0.0129441098359330	-7.21787671950171e-09	-0.00474534954726788
-0.0129441098400661	-8.47314171394955e-09	-0.00474534945565945
-0.0129441098445950	-9.72839777582085e-09	-0.00474534934933131
-0.0129441098499182	-1.09836436172571e-08	-0.00474534922869252
-0.0129441098561347	-1.22388778846183e-08	-0.00474534909346953
-0.0129441098629379	-1.34940992497992e-08	-0.00474534894363996
-0.0129441098701598	-1.47493064171730e-08	-0.00474534877872356
-0.0129441098781222	-1.60044980541893e-08	-0.00474534859941203
-0.0129441098868112	-1.72596728466256e-08	-0.00474534840557901
-0.0129441098958828	-1.85148294616569e-08	-0.00474534819668540
-0.0120792813263272	1.28812923655403e-08	-0.00398872309117358
-0.0120792813200831	1.16246209763698e-08	-0.00398872323384533
-0.0120792813149498	1.03679373728046e-08	-0.00398872336228323
-0.0120792813096099	9.11124287517092e-09	-0.00398872347544358
-0.0120792813054578	7.85453879298420e-09	-0.00398872357433670
-0.0120792813020727	6.59782646100829e-09	-0.00398872365872243
-0.0120792812988417	5.34110718181129e-09	-0.00398872372808767
-0.0120792812965828	4.08438229182486e-09	-0.00398872378302976
-0.0120792812945620	2.82765310749572e-09	-0.00398872382311613
-0.0120792812937149	1.57092095221018e-09	-0.00398872384887185
-0.0120792812926955	3.14187135752781e-10	-0.00398872385938202
-0.0120792812927315	-9.42546992677012e-10	-0.00398872385565653
-0.0120792812936749	-2.19928014522072e-09	-0.00398872383749841
-0.0120792812955270	-3.45601097656539e-09	-0.00398872380498511
-0.0120792812971376	-4.71273817831354e-09	-0.00398872375691097
-0.0120792813001823	-5.96946041958560e-09	-0.00398872369510392
-0.0120792813033826	-7.22617640169838e-09	-0.00398872361808549
-0.0120792813074400	-8.48288476573659e-09	-0.00398872352667519
-0.0120792813123438	-9.73958422856221e-09	-0.00398872342080823
-0.0120792813171249	-1.09962734470834e-08	-0.00398872329956197
-0.0120792813231977	-1.22529511062391e-08	-0.00398872316442688
-0.0120792813297116	-1.35096158779257e-08	-0.00398872301440355
-0.0120792813366292	-1.47662664551342e-08	-0.00398872284943638
-0.0120792813445007	-1.60229015000454e-08	-0.00398872267014499
-0.0120792813528509	-1.72795197178610e-08	-0.00398872247616155
-0.0120792813619620	-1.85361197552207e-08	-0.00398872226756584
-0.0112322053736467	1.28961830890449e-08	-0.00334679430174840
-0.0112322053675233	1.16380589083740e-08	-0.00334679444443619
-0.0112322053623743	1.03799225102558e-08	-0.00334679457272201
-0.0112322053575253	9.12177522529080e-09	-0.00334679468614565
-0.0112322053532950	7.86361836548319e-09	-0.00334679478494153
-0.0112322053497799	6.60545325061360e-09	-0.00334679486916616
-0.0112322053467858	5.34728120434296e-09	-0.00334679493864351
-0.0112322053447028	4.08910353923436e-09	-0.00334679499374862
-0.0112322053425600	2.83092158477846e-09	-0.00334679503365984
-0.0112322053414901	1.57273665353728e-09	-0.00334679505926867
-0.0112322053410937	3.14550081664586e-10	-0.00334679507025662
-0.0112322053411013	-9.43636818557038e-10	-0.00334679506651043
-0.0112322053422366	-2.20182273151269e-09	-0.00334679504851346
-0.0112322053437748	-3.46000635296713e-09	-0.00334679501564559
-0.0112322053457248	-4.71818630624671e-09	-0.00334679496806098
-0.0112322053481209	-5.97636134789902e-09	-0.00334679490561067
-0.0112322053514839	-7.23453008736829e-09	-0.00334679482884262
-0.0112322053552133	-8.49269123513451e-09	-0.00334679473728051
-0.0112322053598647	-9.75084348807137e-09	-0.00334679463121923
-0.0112322053650557	-1.10089854903189e-08	-0.00334679451050393
-0.0112322053707257	-1.22671159418050e-08	-0.00334679437505728
-0.0112322053772266	-1.35252335105435e-08	-0.00334679422513317
-0.0112322053842716	-1.47833368956255e-08	-0.00334679406043919
-0.0112322053916148	-1.60414247578445e-08	-0.00334679388091232
-0.0112322054000949	-1.72994957865863e-08	-0.00334679368710603
-0.0112322054089422	-1.85575486631852e-08	-0.00334679347846180
-0.0104334568710326	1.29111701451188e-08	-0.00281565217125447
-0.0104334568656449	1.16515837713053e-08	-0.00281565231433742
-0.0104334568599293	1.03919851897565e-08	-0.00281565244215883
-0.0104334568553312	9.13237570498453e-09	-0.00281565255571403
-0.0104334568512597	7.87275667062925e-09	-0.00281565265449801
-0.0104334568476613	6.61312938121115e-09	-0.00281565273863932
-0.0104334568450907	5.35349516372337e-09	-0.00281565280834280
-0.0104334568428650	4.09385532656459e-09	-0.00281565286328991
-0.0104334568410177	2.83421121865553e-09	-0.00281565290343912
-0.0104334568400141	1.57456412202586e-09	-0.00281565292906843
-0.0104334568396687	3.14915382543342e-10	-0.00281565294011942
-0.0104334568395388	-9.44733680568762e-10	-0.00281565293630961
-0.0104334568403536	-2.20438175946866e-09	-0.00281565291801666
-0.0104334568418915	-3.46402752716123e-09	-0.00281565288519259
-0.0104334568437928	-4.72366966636794e-09	-0.00281565283756682
-0.0104334568465624	-5.98330685397929e-09	-0.00281565277548019
-0.0104334568492859	-7.24293778159872e-09	-0.00281565269833403
-0.0104334568533099	-8.50256110557787e-09	-0.00281565260697518
-0.0104334568574599	-9.76217553167496e-09	-0.00281565250072339
-0.0104334568627567	-1.10217797204056e-08	-0.00281565238011786
-0.0104334568682739	-1.22813723719750e-08	-0.00281565224464699
-0.0104334568744060	-1.35409521441238e-08	-0.00281565209449839
-0.0104334568813403	-1.48005177401157e-08	-0.00281565192986770
-0.0104334568886266	-1.60600678182404e-08	-0.00281565175044004
-0.0104334568967441	-1.73196010706604e-08	-0.00281565155648787
-0.0104334569053966	-1.85791161753707e-08	-0.00281565134786554
-0.00969788928210081	1.29262535342836e-08	-0.00238174396088498
-0.00969788927641055	1.16651955695664e-08	-0.00238174410368032
-0.00969788927125985	1.04041253915625e-08	-0.00238174423180900
-0.00969788926658255	9.14304433392614e-09	-0.00238174434520214
-0.00969788926255759	7.88195372004622e-09	-0.00238174444399612
-0.00969788925900894	6.62085485804238e-09	-0.00238174452809017
-0.00969788925631957	5.35974907240901e-09	-0.00238174459768419
-0.00969788925432693	4.09863767848622e-09	-0.00238174465272657
-0.00969788925243486	2.83752199465919e-09	-0.00238174469283236
-0.00969788925155911	1.57640335319937e-09	-0.00238174471853715
-0.00969788925113901	3.15283060837540e-10	-0.00238174472952239
-0.00969788925133864	-9.45837574027986e-10	-0.00238174472591950
-0.00969788925203381	-2.20695720275437e-09	-0.00238174470757380
-0.00969788925340481	-3.46807452277060e-09	-0.00238174467465091
-0.00969788925515818	-4.72918822956767e-09	-0.00238174462696868
-0.00969788925782482	-5.99029698032881e-09	-0.00238174456484051
-0.00969788926092263	-7.25139947720175e-09	-0.00238174448799010
-0.00969788926463204	-8.51249437931979e-09	-0.00238174439649180
-0.00969788926855237	-9.77358038299927e-09	-0.00238174429015573
-0.00969788927364548	-1.10346561584688e-08	-0.00238174416949552
-0.00969788927926413	-1.22957203923410e-08	-0.00238174403414834
-0.00969788928517434	-1.35567717734370e-08	-0.00238174388398832
-0.00969788929190308	-1.48178089742070e-08	-0.00238174371931955
-0.00969788929915545	-1.60788306721056e-08	-0.00238174353995647
-0.00969788930690373	-1.73398355467915e-08	-0.00238174334592048
-0.00969788931520576	-1.86008223070782e-08	-0.00238174313717709
-0.00902998590141306	1.29414332689755e-08	-0.00202873571276073
-0.00902998589602616	1.16788943042129e-08	-0.00202873585562859
-0.00902998589087602	1.04163431336563e-08	-0.00202873598369797
-0.00902998588647586	9.15378110623043e-09	-0.00202873609718131
-0.00902998588234615	7.89120951145643e-09	-0.00202873619589674
-0.00902998587912866	6.62862967827482e-09	-0.00202873628011301
-0.00902998587636348	5.36604292729042e-09	-0.00202873634963670
-0.00902998587420298	4.10345057495465e-09	-0.00202873640455687
-0.00902998587258037	2.84085395297947e-09	-0.00202873644477361
-0.00902998587159548	1.57825434616861e-09	-0.00202873647043795
-0.00902998587100925	3.15653092064805e-10	-0.00202873648134172
-0.00902998587123396	-9.46948483171110e-10	-0.00202873647770715
-0.00902998587205215	-2.20954906836569e-09	-0.00202873645947186
-0.00902998587336697	-3.47214734596163e-09	-0.00202873642653560
-0.00902998587529061	-4.73474200534071e-09	-0.00202873637895790
-0.00902998587758211	-5.99733172755830e-09	-0.00202873631665277
-0.00902998588059445	-7.25991518173461e-09	-0.00202873623979799
-0.00902998588419469	-8.52249105641786e-09	-0.00202873614828789
-0.00902998588859845	-9.78505802766675e-09	-0.00202873604225481
-0.00902998589314152	-1.10476147906914e-08	-0.00202873592135951
-0.00902998589857125	-1.23101600221104e-08	-0.00202873578597355
-0.00902998590431521	-1.35726924046410e-08	-0.00202873563582121
-0.00902998591086122	-1.48352106068439e-08	-0.00202873547113553
-0.00902998591801514	-1.60977133286558e-08	-0.00202873529180858
-0.00902998592566118	-1.73601992494607e-08	-0.00202873509780949
-0.00902998593387474	-1.86226670414329e-08	-0.00202873488913951
-0.00842813419708734	1.29567093351118e-08	-0.00174115235140069
-0.00842813419167607	1.16926799619970e-08	-0.00174115249419629
-0.00842813418671940	1.04286384197275e-08	-0.00174115262228779
-0.00842813418243229	9.16458600587409e-09	-0.00174115273578607
-0.00842813417856256	7.90052404133029e-09	-0.00174115283456498
-0.00842813417533441	6.63645384808841e-09	-0.00174115291876243
-0.00842813417276951	5.37237673454924e-09	-0.00174115298835184
-0.00842813417054716	4.10829403464567e-09	-0.00174115304320782
-0.00842813416893934	2.84420705178014e-09	-0.00174115308343869
-0.00842813416799335	1.58011709795692e-09	-0.00174115310907436
-0.00842813416763824	3.16025497673334e-10	-0.00174115312008578
-0.00842813416767292	-9.48066421244457e-10	-0.00174115311637122
-0.00842813416854522	-2.21215735511677e-09	-0.00174115309814425
-0.00842813416978093	-3.47624599610160e-09	-0.00174115306520502
-0.00842813417153707	-4.74033100360329e-09	-0.00174115301759194
-0.00842813417398366	-6.00441107449786e-09	-0.00174115295539088
-0.00842813417698750	-7.26848488179215e-09	-0.00174115287854295
-0.00842813418047060	-8.53255113734896e-09	-0.00174115278702309
-0.00842813418456898	-9.79660847448570e-09	-0.00174115268088105
-0.00842813418914248	-1.10606556206074e-08	-0.00174115256006726
-0.00842813419418731	-1.23246912476104e-08	-0.00174115242456386
-0.00842813420002377	-1.35887140262789e-08	-0.00174115227451011
-0.00842813420633228	-1.48527226421093e-08	-0.00174115210978706
-0.00842813421313236	-1.61167157889243e-08	-0.00174115193039351
-0.00842813422054614	-1.73806921427825e-08	-0.00174115173634960
-0.00842813422849567	-1.86446503866884e-08	-0.00174115152765048
-0.00788763031391684	1.29720817382387e-08	-0.00150578078180942
-0.00788763030859623	1.17065525712215e-08	-0.00150578092457199
-0.00788763030386207	1.04410112464338e-08	-0.00150578105271652
-0.00788763029960376	9.17545904395325e-09	-0.00150578116617528
-0.00788763029599233	7.90989732297808e-09	-0.00150578126504292
-0.00788763029268225	6.64432736248144e-09	-0.00150578134916210
-0.00788763029026385	5.37875050139541e-09	-0.00150578141877752
-0.00788763028823122	4.11316804395128e-09	-0.00150578147368644
-0.00788763028661089	2.84758131880998e-09	-0.00150578151390881
-0.00788763028579540	1.58199161799366e-09	-0.00150578153959018
-0.00788763028518625	3.16400275990131e-10	-0.00150578155048778
-0.00788763028541093	-9.49191377153274e-10	-0.00150578154686211
-0.00788763028617926	-2.21478206468007e-09	-0.00150578152859425
-0.00788763028729863	-3.48037045016010e-09	-0.00150578149560888
-0.00788763028913228	-4.74595520743041e-09	-0.00150578144804673
-0.00788763029155232	-6.01153502753921e-09	-0.00150578138586769
-0.00788763029437038	-7.27710860958197e-09	-0.00150578130898581
-0.00788763029771796	-8.54267461213336e-09	-0.00150578121743815
-0.00788763030170854	-9.80823173733985e-09	-0.00150578111129182
-0.00788763030623445	-1.10737786668141e-08	-0.00150578099050368
-0.00788763031130201	-1.23393140741179e-08	-0.00150578085506417
-0.00788763031684478	-1.36048366516812e-08	-0.00150578070496258
-0.00788763032307178	-1.48703450897219e-08	-0.00150578054025782
-0.00788763032959591	-1.61358380620794e-08	-0.00150578036080402
-0.00788763033691492	-1.74013142581362e-08	-0.00150578016679979
-0.00788763034471199	-1.86667723664397e-08	-0.00150577995812225
-0.00740253337849298	1.29875504782548e-08	-0.00131190088622487
-0.00740253337336720	1.17205121165264e-08	-0.00131190102901657
-0.00740253336866039	1.04534615931346e-08	-0.00131190115711879
-0.00740253336448669	9.18640022841732e-09	-0.00131190127058226
-0.00740253336099726	7.91932933409995e-09	-0.00131190136945272
-0.00740253335794256	6.65225022496399e-09	-0.00131190145363703
-0.00740253335553180	5.38516421440517e-09	-0.00131190152323577
-0.00740253335339675	4.11807261137568e-09	-0.00131190157809012
-0.00740253335195256	2.85097673037920e-09	-0.00131190161835462
-0.00740253335108494	1.58387789924170e-09	-0.00131190164400231
-0.00740253335073263	3.16777418591031e-10	-0.00131190165500244
-0.00740253335080385	-9.50323384857227e-10	-0.00131190165131058
-0.00740253335146462	-2.21742319743126e-09	-0.00131190163301676
-0.00740253335261412	-3.48452072377887e-09	-0.00131190160005850
-0.00740253335442823	-4.75161463301903e-09	-0.00131190155250953
-0.00740253335667487	-6.01870360149017e-09	-0.00131190149026961
-0.00740253335940528	-7.28578633023000e-09	-0.00131190141337729
-0.00740253336283117	-8.55286150390266e-09	-0.00131190132190764
-0.00740253336663330	-9.81992779218192e-09	-0.00131190121572801
-0.00740253337098675	-1.10869839038804e-08	-0.00131190109491573
-0.00740253337597070	-1.23540285047840e-08	-0.00131190095948824
-0.00740253338132568	-1.36210602903857e-08	-0.00131190080935657
-0.00740253338727149	-1.48880779331325e-08	-0.00131190064460997
-0.00740253339385117	-1.61550801454479e-08	-0.00131190046523695
-0.00740253340088522	-1.74220655931161e-08	-0.00131190027120118
-0.00740253340836938	-1.86890329546946e-08	-0.00131190006247730
-0.00696669816812413	1.30031155458476e-08	-0.00115103120518815
-0.00696669816301376	1.17345586008018e-08	-0.00115103134793525
-0.00696669815852354	1.04659894988172e-08	-0.00115103147606999
-0.00696669815443441	9.19740955688867e-09	-0.00115103158952917
-0.00696669815103825	7.92882009729815e-09	-0.00115103168840002
-0.00696669814800657	6.66022242982707e-09	-0.00115103177257560
-0.00696669814557059	5.39161786315406e-09	-0.00115103184212805
-0.00696669814367629	4.12300771039490e-09	-0.00115103189705383
-0.00696669814221937	2.85439330908831e-09	-0.00115103193730765
-0.00696669814140148	1.58577594459704e-09	-0.00115103196295462
-0.00696669814100234	3.17156925595517e-10	-0.00115103197393488
-0.00696669814107869	-9.51462414260390e-10	-0.00115103197026059
-0.00696669814169814	-2.22008076379730e-09	-0.00115103195194962
-0.00696669814289976	-3.48869682349953e-09	-0.00115103191901739
-0.00696669814463224	-4.75730926748282e-09	-0.00115103187144920
-0.00696669814686010	-6.02591678179787e-09	-0.00115103180922745
-0.00696669814953567	-7.29451806887197e-09	-0.00115103173234364
-0.00696669815272969	-8.56311179116512e-09	-0.00115103164081133
-0.00696669815639278	-9.83169665998276e-09	-0.00115103153462671
-0.00696669816071494	-1.11002713447268e-08	-0.00115103141383596
-0.00696669816548260	-1.23688345417143e-08	-0.00115103127838630
-0.00696669817074387	-1.36373849247841e-08	-0.00115103112827308
-0.00696669817651384	-1.49059212069135e-08	-0.00115103096351389
-0.00696669818282606	-1.61744420475052e-08	-0.00115103078410957
-0.00696669818970025	-1.74429461353878e-08	-0.00115103059007507
-0.00696669819703686	-1.87114321727052e-08	-0.00115103038137433
-0.00657429489291812	1.30187769728640e-08	-0.00101653576524665
-0.00657429488797244	1.17486920242661e-08	-0.00101653590800783
-0.00657429488361877	1.04785949301017e-08	-0.00101653603615396
-0.00657429487969748	9.20848702458749e-09	-0.00101653614962701
-0.00657429487630723	7.93836959335687e-09	-0.00101653624846676
-0.00657429487342601	6.66824397617537e-09	-0.00101653633266373
-0.00657429487103815	5.39811146589736e-09	-0.00101653640221744
-0.00657429486914172	4.12797337896871e-09	-0.00101653645712533
-0.00657429486779891	2.85783103794372e-09	-0.00101653649740316
-0.00657429486692070	1.58768572873720e-09	-0.00101653652302625
-0.00657429486648184	3.17538797494286e-10	-0.00101653653398946
-0.00657429486664340	-9.52608473199088e-10	-0.00101653653034093
-0.00657429486732947	-2.22275475967941e-09	-0.00101653651204849
-0.00657429486843678	-3.49289874855384e-09	-0.00101653647910161
-0.00657429487011041	-4.76303913086766e-09	-0.00101653643152904
-0.00657429487218504	-6.03317459156430e-09	-0.00101653636927678
-0.00657429487479607	-7.30330381613799e-09	-0.00101653629239729
-0.00657429487793917	-8.57342550396074e-09	-0.00101653620087519
-0.00657429488159197	-9.84353834136408e-09	-0.00101653609472136
-0.00657429488564939	-1.11136410030193e-08	-0.00101653597388593
-0.00657429489037836	-1.23837321863557e-08	-0.00101653583845357
-0.00657429489550408	-1.36538105699332e-08	-0.00101653568835064
-0.00657429490114712	-1.49238748753235e-08	-0.00101653552359713
-0.00657429490734283	-1.61939237586087e-08	-0.00101653534420878
-0.00657429491386888	-1.74639559025052e-08	-0.00101653515012379
-0.00657429492106263	-1.87339700180406e-08	-0.00101653494143214
-0.00622003451039661	1.30345347247161e-08	-0.000903238968852181
-0.00622003450560866	1.17629123750761e-08	-0.000903239111623959
-0.00622003450139335	1.04912779026328e-08	-0.000903239239768712
-0.00622003449762626	9.21963261411743e-09	-0.000903239353265840
-0.00622003449435755	7.94797783291824e-09	-0.000903239452110519
-0.00622003449157609	6.67631486632299e-09	-0.000903239536316353
-0.00622003448924104	5.40464501107220e-09	-0.000903239605865155
-0.00622003448742869	4.13296958721887e-09	-0.000903239660779686
-0.00622003448602286	2.86128990621565e-09	-0.000903239701029322
-0.00622003448520792	1.58960728811721e-09	-0.000903239726666805
-0.00622003448484543	3.17923013289128e-10	-0.000903239737646493
-0.00622003448496385	-9.53761576565007e-10	-0.000903239733986245
-0.00622003448563943	-2.22544518248375e-09	-0.000903239715704232
-0.00622003448671211	-3.49712650911508e-09	-0.000903239682752534
-0.00622003448824028	-4.76880421891764e-09	-0.000903239635143622
-0.00622003449031926	-6.04047701015318e-09	-0.000903239572912789
-0.00622003449290633	-7.31214359163602e-09	-0.000903239496042596
-0.00622003449587039	-8.58380263609010e-09	-0.000903239404502832
-0.00622003449946584	-9.85545283539924e-09	-0.000903239298354052
-0.00622003450346194	-1.11270928661727e-08	-0.000903239177536871
-0.00622003450799618	-1.23987214552675e-08	-0.000903239042088479
-0.00622003451300215	-1.36703372484880e-08	-0.000903238891986126
-0.00622003451840705	-1.49419389660215e-08	-0.000903238727210173
-0.00622003452436901	-1.62135252867052e-08	-0.000903238547802231
-0.00622003453082082	-1.74850948963131e-08	-0.000903238353744354
-0.00622003453778124	-1.87566464953256e-08	-0.000903238145045671
-0.00589923548756579	1.30503888113872e-08	-0.000807098334448968
-0.00589923548291852	1.17772196618378e-08	-0.000807098477224467
-0.00589923547884862	1.05040384014163e-08	-0.000807098605382969
-0.00589923547509942	9.23084634824164e-09	-0.000807098718849592
-0.00589923547196420	7.95764481043080e-09	-0.000807098817710888
-0.00589923546927876	6.68443508861134e-09	-0.000807098901919909
-0.00589923546707485	5.41121850145009e-09	-0.000807098971486732
-0.00589923546523891	4.13799634402399e-09	-0.000807099026380969
-0.00589923546392519	2.86476993499732e-09	-0.000807099066646140
-0.00589923546314184	1.59154058943088e-09	-0.000807099092284734
-0.00589923546279408	3.18309601844490e-10	-0.000807099103264498
-0.00589923546290189	-9.54921712702339e-10	-0.000807099099600722
-0.00589923546350755	-2.22815203915072e-09	-0.000807099081304370
-0.00589923546457631	-3.50138008964190e-09	-0.000807099048355709
-0.00589923546607784	-4.77460453107625e-09	-0.000807099000758928
-0.00589923546804422	-6.04782405283397e-09	-0.000807098938512940
-0.00589923547058442	-7.32103738315609e-09	-0.000807098861651248
-0.00589923547348374	-8.59424317783858e-09	-0.000807098770113496
-0.00589923547690335	-9.86744013875432e-09	-0.000807098663942234
-0.00589923548077482	-1.11406269530641e-08	-0.000807098543120407
-0.00589923548517254	-1.24138023118157e-08	-0.000807098407665624
-0.00589923548993989	-1.36869649324250e-08	-0.000807098257538426
-0.00589923549531124	-1.49601134645776e-08	-0.000807098092794764
-0.00589923550113088	-1.62332466284710e-08	-0.000807097913393954
-0.00589923550734051	-1.75063631079329e-08	-0.000807097719321000
-0.00589923551411309	-1.87794615984496e-08	-0.000807097510619061